3
784 10 10 
0.296837 -0.159206 -0.037146 0.857545 0.238893 -0.584817 0.073058 -0.300181 0.384087 -0.502835 
-0.076349 -0.778347 -0.187635 0.432740 0.485742 -0.158852 -0.205673 0.702639 -0.409988 0.308660 
-0.517580 -0.043337 -0.181904 -0.904951 0.228176 0.026055 0.670735 0.426192 0.396558 0.104872 
-0.052883 0.664878 -0.372038 -0.501376 -0.072299 0.046879 -0.468874 -0.034401 -0.339975 0.551406 
-0.347139 0.040028 0.825168 -0.193304 0.325153 0.104026 0.857588 0.013713 0.136421 -0.296476 
0.319621 -0.525756 0.753946 0.199970 -0.499510 0.302172 0.328837 0.476947 -0.191580 -0.624268 
0.195212 0.405842 0.248663 0.538350 -0.068108 0.449207 -0.007723 -0.897740 -0.636707 0.160193 
0.053606 0.017134 -0.195435 -0.463551 -0.222275 -0.253441 0.391940 0.025737 -0.428044 0.025687 
0.805962 -0.244638 -0.601656 0.544462 0.159852 -0.374580 0.167021 0.595901 0.136636 -0.415428 
0.044532 -0.112702 0.483532 0.077075 -0.522877 0.559337 0.577655 -0.918676 -0.827680 -0.262365 
-0.669559 -0.454370 0.005609 -0.530952 0.273882 0.056605 0.384751 -0.245114 0.856939 -0.076229 
-0.065277 0.617146 -0.202194 -0.511624 0.324256 0.302298 -0.410935 0.152159 -0.010541 -0.263082 
-0.325172 0.581755 -0.262573 -0.072139 0.168602 -0.071572 0.334739 -0.384298 0.244045 0.102672 
0.330089 -0.777002 0.252898 -0.486172 -0.003635 -0.494303 0.044270 -0.269229 0.424093 0.376064 
-0.489737 -0.303980 -0.149934 -0.022452 0.415800 -0.337589 0.485189 -0.334957 -0.739434 -0.019556 
0.429616 -0.071877 -0.426407 0.255584 0.317525 0.590381 -0.063860 -0.327209 0.598123 -0.119683 
-0.269442 -0.240188 -0.571863 -0.046167 0.603725 -0.054367 -0.579582 0.507228 -0.467350 -0.008303 
-0.605540 -0.322036 -0.131521 0.116806 0.001093 0.480524 -0.460149 -0.052603 -0.334809 -0.343308 
-0.164492 0.302257 -0.523918 0.249937 0.572296 -0.141094 0.823712 0.297355 -0.112375 0.158792 
-0.588717 -0.379631 -0.120347 -0.080876 0.468997 -0.186241 0.178141 -0.439568 -0.074500 -0.337046 
0.052003 0.464552 0.058731 -0.432094 0.176067 -0.164927 0.366015 0.538486 0.023209 -0.209488 
0.033425 -0.203289 -0.279713 -0.134211 0.167512 0.143584 0.050604 0.095230 -0.629958 -0.944310 
0.389835 0.133460 -0.653795 0.001517 0.129555 0.861620 0.396300 0.374547 0.015475 -0.237626 
-0.230921 0.402502 -0.485907 -0.070983 0.160869 -0.569756 -0.124531 0.306553 0.235650 0.591089 
0.100100 -0.471814 0.111040 -0.387014 0.143068 -0.690498 0.281317 0.731830 0.209735 -0.320455 
-0.354446 -0.078693 -0.326506 -0.257302 0.535931 0.274349 0.786496 0.132430 -0.294733 0.024051 
0.120776 -0.239517 0.045556 0.197503 0.153160 -0.374105 -0.013163 -0.680263 -0.224937 -0.430526 
0.396221 -0.052975 -0.353642 0.080253 -0.175128 -0.800041 0.437857 0.347741 0.452755 0.738704 
-0.577708 0.404628 -0.088199 0.069460 -0.213201 -0.002142 0.482758 0.365737 0.024338 -0.519260 
-0.449706 0.794857 -0.358859 -0.528436 0.687842 0.699811 -0.425134 -0.480736 -0.171196 0.173530 
-0.772341 -0.201376 0.116270 0.839532 0.610351 -0.010183 0.000970 -0.851204 -0.072728 0.736008 
-0.169372 -0.274751 0.540258 -0.107839 0.833237 -0.015335 -0.762921 0.771312 -0.052351 -0.506042 
-0.068885 0.718645 -0.731550 -0.425803 -0.512198 -0.189163 -0.253977 -0.276075 -0.219402 0.655343 
-0.318222 -0.325269 0.423296 0.272207 0.056886 -0.071055 -0.750060 -0.079913 0.515032 0.714111 
-0.195512 0.321265 0.061034 0.836792 -0.338724 -0.544533 0.132142 0.261910 -0.423759 -0.073617 
0.300168 -0.378872 -0.497081 0.069272 -0.964420 0.020794 0.306665 0.390497 0.386808 0.210357 
-0.280859 0.391570 -0.203999 0.409205 0.188012 0.005367 -0.814880 0.038100 0.166596 -0.290190 
-0.110850 0.043195 0.072421 -0.431257 -0.338323 0.508147 0.436886 0.231972 0.552068 0.610641 
-0.027728 0.228704 0.242052 0.854564 0.373806 0.612999 0.289269 0.460047 -0.910547 0.825131 
-0.198007 0.130883 0.232679 -0.516041 0.001643 0.526947 -0.296474 0.135639 0.022242 0.359859 
-0.449348 -0.341684 -0.371423 0.210190 0.144248 -0.530562 0.363075 0.190530 -0.036254 -0.615302 
-0.235571 -0.059603 0.666855 -0.575064 0.064526 0.085175 -0.251111 -0.541531 -0.137726 0.100395 
-0.300074 -0.046502 0.170444 0.666490 -0.183680 0.100239 -0.040399 0.053021 0.116705 0.316956 
0.257999 -0.203935 0.145386 0.391967 -0.078251 0.016680 0.059718 -0.312034 0.110517 -0.632979 
0.405729 0.508306 -0.492203 -0.011045 0.037298 -0.189746 0.706995 0.302951 -0.146092 0.863281 
0.187490 -0.599265 -0.154021 0.483987 -0.558409 0.886844 -0.684793 0.207617 -0.041602 -0.550923 
0.507481 -0.710752 -0.142824 0.074332 0.286990 -0.506785 -0.186330 -0.276070 -0.017369 0.618496 
0.055924 -0.732264 -0.098708 0.197892 -0.325000 -0.144124 -0.098960 0.400249 -0.262698 -0.527343 
0.409705 0.496887 -0.140113 -0.114207 0.428930 -0.733136 0.008103 -0.142041 0.011126 0.769457 
-0.298991 -0.133164 -0.229520 0.361288 0.741903 -0.467886 -0.200949 0.376276 0.253079 -0.498438 
0.763705 0.166000 0.303592 -0.318054 0.079348 0.000927 0.076393 0.382765 0.138073 0.354699 
-0.423672 0.031731 -0.082560 0.034462 -0.331741 0.852653 0.304439 0.203950 0.044209 -0.077214 
0.336571 -0.096066 0.793194 0.259908 0.029624 -0.188681 0.501395 -0.018596 0.250731 0.589416 
-0.448099 -0.649046 0.461705 0.464372 0.440414 -0.370527 0.310861 0.189984 -0.180085 0.035359 
0.064498 0.455491 -0.310271 -0.015272 -0.547240 -0.140550 0.016214 -0.138999 0.765308 -0.016166 
-0.287469 -0.017294 0.146713 -0.872554 0.622581 -0.183834 0.009484 0.252972 -0.291449 -0.360326 
-0.188156 0.165972 -0.290472 0.305977 0.352347 -0.319442 -0.096882 0.088270 -0.164045 0.016459 
-0.621478 -0.854384 0.104282 0.087220 -0.363712 -0.025855 0.226018 0.276190 0.167091 0.410382 
-0.128022 -0.415684 -0.245794 -0.175073 -0.111698 0.048697 0.674011 0.654830 -0.407100 -0.408872 
-0.531056 -0.322681 0.705390 -0.369493 0.535676 -0.608080 0.131831 0.182750 -0.351178 0.476196 
-0.150935 -0.196051 0.719205 0.301470 -0.799171 0.541292 0.457752 -0.635266 0.172120 0.035641 
0.036118 0.115450 0.403796 0.054043 -0.694120 -0.410255 0.055031 -0.321983 -0.147533 0.086397 
-0.128176 -0.276928 -0.153700 -0.507028 0.083054 -0.273778 -0.044236 0.287139 0.139848 -0.587572 
-0.128554 -0.399312 -0.604137 -0.298818 0.258136 0.302151 0.413621 0.459626 0.112230 0.279023 
-0.518705 0.314725 0.847395 -0.199805 -0.056517 0.434377 0.203674 -0.259269 0.311175 0.854551 
0.228407 -0.299536 0.181846 -0.089442 0.113012 -0.508669 0.174361 0.030057 0.405127 0.023392 
0.036366 0.163813 -0.508937 0.866664 -0.653791 -0.622052 -0.160677 0.217840 -0.767665 0.342755 
-0.693418 -0.059954 -0.361923 0.548573 -0.202217 0.398429 -0.017495 0.082046 0.460601 -0.690723 
-0.351020 0.382744 0.757893 -0.419990 0.723166 -0.649266 0.696762 0.527140 0.246354 0.420514 
-0.379496 -0.118043 -0.625456 0.167336 -0.099934 -0.340978 0.067127 0.060152 -0.374053 0.881342 
0.531477 -0.616160 -0.498833 0.693502 -0.029994 -0.190759 -0.186060 0.221490 -0.357564 -0.902213 
-0.192236 0.087372 0.772759 0.876344 -0.225136 -0.237771 -0.123499 -0.425007 -0.949370 0.184680 
0.293234 -0.400198 -0.331453 0.492858 0.192942 -0.128989 0.215306 -0.054104 0.102809 0.451680 
-0.516456 0.171646 0.354962 -0.092408 -0.013766 0.441827 -0.036885 0.459047 -0.117780 0.001600 
0.425021 0.067468 -0.178105 -0.194284 -0.195376 -0.179716 0.374133 -0.288988 -0.224198 0.180103 
0.588564 0.030249 0.670122 0.331346 0.392882 -0.356726 0.134044 0.528101 -0.233141 -0.086240 
0.482201 -0.139686 0.743728 -0.310704 0.129752 -0.713054 -0.533365 0.329921 0.832916 -0.299687 
-0.080258 0.047682 0.079083 0.073648 -0.147695 0.422933 -0.287237 -0.761943 -0.138992 -0.022624 
-0.234380 -0.288417 0.599675 0.384187 -0.337611 -0.333983 -0.572465 -0.334519 0.291292 0.352533 
-0.285522 0.480298 0.065164 -0.116164 -0.372430 -0.075525 0.128201 0.632390 -0.324497 0.162732 
0.098131 -0.078893 0.546272 0.031044 0.318077 -0.016400 -0.840566 0.458853 0.180193 0.153710 
0.206459 -0.798595 -0.286596 0.062830 -0.151757 -0.271656 0.055370 -0.528819 0.235752 -0.559858 
-0.113124 0.585190 -0.113494 0.271147 -0.612346 -0.124848 0.502320 -0.070963 -0.089649 -0.394597 
0.218020 -0.295569 -0.016802 -0.124968 0.678257 0.772778 -0.261652 -0.388437 -0.597990 -0.308103 
0.307834 0.383777 -0.356394 0.025878 0.304682 0.312552 -0.034972 -0.203908 0.192594 0.167175 
-0.013703 0.435985 0.297920 -0.650501 -0.069743 -0.510406 -0.391555 0.048246 0.186185 -0.193992 
-0.294595 0.013569 0.135542 -0.381340 0.480785 0.198988 -0.274212 0.191727 -0.317481 0.723639 
-0.417378 -0.149132 0.086605 0.443118 -0.026762 0.763658 -0.632315 -0.650923 -0.413113 -0.168636 
0.753572 -0.465246 -0.334677 0.503080 0.267706 -0.039380 0.439941 0.041395 0.710601 -0.200662 
-0.266143 0.362481 -0.659778 -0.394904 0.679131 -0.005236 -0.534639 -0.087835 -0.744048 -0.520610 
-0.355718 -0.626425 0.251538 -0.390411 -0.101295 -0.352758 -0.031767 -0.265740 -0.280154 0.236718 
-0.219756 -0.169547 -0.237526 0.372319 0.157128 -0.450721 -0.710802 -0.117989 0.331585 0.500643 
-0.093420 -0.136190 -0.839052 0.184337 -0.064032 0.290371 0.637831 -0.045940 -0.146827 0.427912 
-0.807246 0.816796 -0.107455 0.024596 0.188128 -0.527389 -0.351581 -0.039793 -0.084149 -0.287908 
-0.416490 -0.426003 0.112680 -0.350966 -0.145502 0.013821 -0.017395 0.512683 -0.503781 -0.845242 
0.092395 -0.210085 -0.061467 -0.398096 0.893280 -0.235863 0.216327 0.681351 -0.188262 0.373183 
0.428723 0.731301 0.174820 -0.600598 -0.215725 0.437386 0.034225 -0.403007 -0.092929 -0.058947 
0.533211 0.302273 -0.029804 0.240335 0.315830 -0.441481 -0.193002 -0.848710 0.447636 -0.189933 
0.118216 0.130403 -0.626799 0.375584 -0.075604 -0.785371 -0.226806 -0.787603 0.408230 -0.289451 
0.070461 -0.522054 0.434841 0.195715 0.176042 0.257663 -0.018618 0.487276 0.029360 -0.180909 
0.144693 0.399258 0.413422 0.059654 0.059283 0.688290 -0.249379 -0.921616 -0.274092 0.241674 
0.197013 0.173500 -0.229653 0.928999 -0.489005 -0.108009 -0.531148 0.665041 0.879631 -0.115673 
0.349718 0.040087 -0.361743 0.660458 0.353704 0.385147 0.129617 -0.166007 0.254862 -0.145857 
0.318509 -0.609286 -0.026070 1.030303 -0.297324 -0.127844 0.287771 0.266944 0.079551 -0.596418 
-0.367928 -0.027626 -0.666755 0.928680 -0.539332 -0.594377 -0.564211 0.705704 -0.130682 -0.682282 
-0.501551 -0.379460 -0.876126 -0.118122 0.698164 0.677684 0.024929 0.218420 0.443664 -0.032391 
-0.130982 -0.312706 0.181277 -0.223729 0.040003 -0.344470 -0.723100 0.411241 0.145215 -0.385872 
-0.454581 -0.814244 -0.061418 -0.054266 0.506088 0.311619 0.293183 -0.287468 -0.619941 -0.462579 
-0.424885 -0.037957 0.464759 0.253157 -0.362034 0.475826 0.161779 -0.238904 0.057633 -0.504227 
-0.372802 -0.062540 -0.195285 0.394912 -0.871997 0.611544 0.122336 0.555004 -0.060242 -0.792248 
-0.317570 0.757076 -0.652697 -0.055238 -0.776818 -0.031919 0.244757 -0.229164 0.552303 0.238158 
-0.901858 -0.617474 0.423290 -0.192427 0.747379 -0.060271 0.699950 0.274115 -0.786609 0.452574 
0.658020 0.286953 0.326197 -0.047751 0.223538 0.558805 0.040110 -0.457842 -0.121140 -0.173553 
-0.634942 0.056049 -0.537019 0.112260 -0.450960 0.112945 -0.014510 0.109837 -0.542313 0.190185 
0.252494 0.002905 -0.309679 -0.243997 -0.105205 0.195420 -0.651373 0.324859 -0.418367 -0.512020 
0.002127 -0.662267 0.000823 0.299129 0.509594 0.139718 0.238214 0.054754 -0.312316 0.497884 
0.393303 -0.157651 -0.055305 0.553696 0.603556 -0.343356 0.642464 -0.406276 -0.557552 0.101971 
0.385902 -0.285884 0.383504 0.550453 0.577471 -0.346082 -0.262254 -0.285483 -0.336446 -0.787984 
0.320001 -0.126356 -0.137173 -0.405987 0.355750 0.262223 -0.066879 0.362040 0.739519 -0.608506 
-0.020384 0.291061 -0.454836 0.377577 -0.735061 -0.509057 -0.539581 -0.468701 -0.181690 0.626553 
0.857826 -0.077043 -0.139034 0.081244 0.181430 0.938076 0.522067 -0.150977 -0.786126 0.282870 
0.893204 0.080160 0.112803 -0.380927 -0.272751 0.157425 0.108324 0.330264 0.307141 0.606552 
0.009122 -0.318356 0.746254 0.504984 -0.241746 0.525217 -0.523363 -0.092571 0.133002 -0.384999 
-0.058256 -0.515898 -0.239222 -0.054213 0.234011 -0.300268 -0.013362 0.604373 -0.209233 -0.159842 
0.098976 0.233758 0.843800 0.127036 -0.302743 0.034049 0.347281 0.492483 0.174963 -0.595291 
0.230926 -0.341135 0.274348 -0.029305 0.411901 -0.122064 -0.993265 0.889204 -0.949219 0.129175 
0.081913 0.370232 -0.620142 0.642128 0.368938 0.279794 -0.094148 -0.318470 -0.034814 -0.420392 
-0.109977 -0.146682 0.176012 -0.061348 -0.119595 0.329120 -0.100822 0.281857 -0.671662 0.129694 
0.370505 0.233036 -0.082563 0.729485 -0.258586 -0.365747 -0.637282 -0.565514 0.042346 0.028757 
0.689752 0.758463 -0.387259 0.172732 0.163468 -0.043569 0.272989 -0.220763 0.002240 0.338829 
-0.072180 -0.795234 0.025187 0.119258 0.168972 0.177450 0.092506 -0.504061 -0.027027 -0.125690 
-0.026072 0.523455 0.653468 0.771234 -0.106198 -0.527967 -0.296720 0.211312 0.318365 -0.057780 
0.426628 -0.719597 -0.172826 0.544185 -0.531628 -0.064775 -0.078581 -0.120941 -0.253018 0.292731 
-0.336260 0.440561 0.297173 0.340609 -0.027051 0.113903 -0.797850 0.141747 0.145424 -0.175731 
-0.026151 0.070431 0.144674 -0.379912 0.529061 -0.445765 0.551453 -0.252402 -0.391528 0.460819 
0.270020 -0.971405 -0.060006 -0.454773 0.753910 -0.270809 0.069016 -0.261173 -0.301282 0.114276 
-0.794285 -0.542924 0.650327 -0.385854 0.190794 0.888143 -0.364257 -0.036275 0.041206 -0.321928 
-0.153036 -0.459878 0.198290 0.135525 -0.428426 0.155243 -0.091831 -0.462398 0.772479 -0.156619 
0.223193 -0.576302 0.650842 0.436228 -0.136113 0.497626 0.511471 -0.371783 0.290110 0.622397 
0.010551 -0.363207 0.391688 -0.520180 0.320653 -0.868993 0.055452 0.403560 -0.070514 0.404359 
-0.050034 0.503461 -0.060267 0.171198 -0.105376 0.091193 0.572099 -0.174803 -0.099714 0.130688 
-0.372266 -0.235215 -0.183600 0.389480 0.008133 0.539259 -0.304175 0.419536 0.174398 -0.134597 
0.384198 -0.025803 -0.315417 -0.079878 0.104410 -0.194188 0.312614 0.415331 -0.260874 -0.125116 
-0.399263 -0.294825 -0.543136 -0.070029 -0.284943 -0.300083 0.751303 0.056250 0.473857 0.022622 
0.030945 0.310451 -0.602114 -0.531085 0.528889 -0.119017 -0.241407 -0.576204 -0.286534 -0.150584 
0.166608 0.529049 0.220498 0.339112 -0.443197 0.269153 0.182226 -0.071536 0.308211 -0.272760 
-0.219363 -0.029671 0.194819 -0.289283 -0.267280 0.345582 0.098882 -0.204562 -0.550898 0.026650 
0.561678 0.604436 -0.119911 0.251767 -0.097806 0.048051 -0.413886 0.166451 0.384034 -0.299739 
0.549035 0.034496 -0.101237 -0.144842 -0.074810 0.408699 0.177591 0.134445 0.480347 0.265356 
0.531751 0.095990 -0.711705 -0.260216 0.097365 -0.101528 -0.575602 0.136623 -0.355744 -0.261414 
0.109863 0.090644 -0.934575 0.162928 0.579412 0.107706 0.606085 -0.013239 -0.702679 0.733745 
0.437698 -0.925349 -0.633192 0.051356 0.193290 -0.161544 -0.246710 0.268896 -0.071983 -0.385262 
0.141623 -0.373613 -0.387623 -0.380304 -0.656916 0.633454 -0.278425 -0.689856 -0.353706 0.443540 
-0.534877 0.119381 -0.244066 0.047452 -0.184616 0.595274 0.046194 -0.562086 -0.470229 0.045618 
-0.222753 -0.393951 -0.223152 -0.374780 0.306161 0.736276 -0.084631 -0.217549 -0.098511 -0.123318 
-0.043557 -0.381172 -0.047860 -0.211746 -0.783385 -0.145906 -0.122969 0.304392 0.078821 -0.435679 
-0.550390 0.046227 0.345302 0.179040 -0.131886 -0.534094 -0.262954 -0.343297 -0.079206 0.599088 
0.502686 -0.039684 0.095824 0.204177 -0.523623 -0.058474 0.223677 0.152267 0.674405 0.214524 
-0.566998 0.187532 -0.044901 0.030628 -0.452647 0.204350 -0.712735 0.433386 0.346515 0.870903 
0.311541 0.600637 0.065721 0.373486 0.283554 0.382810 0.512499 -0.025975 0.332529 0.518293 
0.483046 -0.133090 -0.666053 -0.559070 0.049487 -0.432679 -0.595034 0.143938 -0.167867 0.295978 
-0.127199 -0.175920 0.830300 0.070366 -0.166120 0.079387 -0.240912 0.368961 0.162213 -0.183792 
-0.206886 -0.355345 0.264409 -0.193042 0.203897 0.267553 -0.604946 0.686988 0.787876 0.384719 
0.040930 0.029984 -0.706595 -0.045369 0.009689 -0.235948 -0.107085 0.154053 0.077868 0.279282 
-0.161399 -0.563355 0.574356 -0.546258 -0.320171 0.081784 0.212231 0.591688 0.388108 0.016269 
0.161710 0.262338 -0.849016 0.211929 -0.772872 -0.413757 -0.015041 0.303455 0.047651 -0.017417 
-0.452868 0.463229 0.159410 0.267792 -0.507446 0.000373 0.031774 0.706413 0.616808 -0.551093 
-0.607376 -0.091252 0.054311 -0.051278 0.935056 -0.151673 -0.018498 0.242715 -0.675230 -0.287368 
-0.216643 -0.529591 0.974360 -0.001224 0.090716 0.436352 0.481146 0.866843 0.545390 -0.351780 
-0.258885 -0.037346 -0.192064 -0.136518 -0.284591 -0.049750 0.288973 0.314339 -0.403388 -0.143995 
-0.240062 0.170556 -0.362543 -0.223404 -0.146986 -0.336573 -0.078705 0.316799 -0.168799 -0.138046 
0.758266 0.045477 0.232950 0.310135 -0.327843 0.511026 0.457481 0.674426 0.724300 0.281960 
0.882567 -0.827154 -0.433406 -0.472221 -0.332791 -0.063191 0.201346 0.472478 0.348563 0.268609 
-0.026682 -0.542927 0.467199 0.499016 -0.429767 0.765501 0.715962 -0.747305 0.430114 -0.319979 
0.233432 0.529584 0.613486 -0.205525 -0.250561 -0.014223 0.844480 0.125791 -0.433572 -0.496495 
-0.482322 0.609535 -0.786310 0.372548 0.572713 -0.235735 -0.295208 0.170627 -0.738495 0.267783 
0.178139 -0.219858 0.693272 -0.840691 0.448059 0.463386 -0.061344 0.039666 -0.152712 -0.184539 
-0.340551 0.315094 0.822843 0.490814 -0.631768 0.248008 -0.065874 -0.655643 -0.218877 0.015489 
0.365503 -0.730398 0.397461 -0.711298 -0.347392 -0.056445 0.490429 -0.622565 -0.501463 0.631898 
-0.171339 0.471155 0.617468 0.320977 0.235275 -0.007269 0.499238 -0.415487 0.237932 0.438361 
0.144553 -0.754494 0.200557 -0.007196 0.400426 -0.016304 0.084943 -0.347496 -0.075004 0.468058 
0.393129 0.788245 0.143053 -0.140980 0.153856 -0.272639 0.254834 -0.381095 -0.714671 -0.424450 
0.307294 -0.125506 0.351848 0.142909 0.491108 0.865596 -0.389414 -0.479306 -0.227271 0.535540 
-0.102719 0.103584 0.580675 -0.455523 0.439328 -0.081930 0.052388 -0.141712 -0.827167 1.047204 
-0.140903 -0.668605 -0.019795 0.016473 0.476347 0.935914 -0.855623 0.089359 -0.279270 -0.027286 
0.815385 0.594910 0.128925 0.093867 -0.214738 0.069430 -0.588764 -0.368447 0.220665 -0.442418 
0.229942 -0.295353 -0.007119 -0.000054 -0.263743 -0.118918 -0.781837 0.102071 0.827040 -0.008238 
0.341047 -0.093886 -0.071891 0.189060 0.462356 -0.142653 0.517939 -0.089360 0.211256 -0.503921 
-0.196368 0.243149 0.275872 -0.495015 0.757636 0.747523 -0.215856 0.884484 0.050126 0.081868 
0.557234 0.055927 -0.047026 -0.247624 -0.024660 0.108714 0.853669 -0.061170 0.593763 0.418057 
-0.486936 0.411849 -0.623448 0.169884 0.309211 -0.043533 0.562781 0.133118 -0.131000 0.786375 
-0.338530 0.660422 -0.002382 -0.235328 0.831215 -0.012810 -0.128108 -0.181963 -0.429490 0.773017 
-0.149180 0.826875 0.598698 -0.026482 0.602778 0.369637 0.391769 -0.096343 -0.513902 0.084028 
0.558560 -0.266004 0.395753 -0.294014 0.313242 -0.088050 0.044286 0.620207 -0.425043 0.191863 
-0.792058 -0.551411 -0.433500 0.019299 -0.168675 -0.559201 0.066887 -0.168547 -0.381052 0.473828 
-0.055131 0.086250 -0.871630 -0.341379 0.214433 -0.100650 0.363232 0.036923 0.620084 0.017273 
0.105084 -0.159332 -0.375268 0.644632 0.196302 0.176205 -0.492559 0.142893 -0.065856 -0.647307 
-0.379468 0.572388 -0.402117 0.916925 0.661366 -0.328516 0.390887 -0.056805 0.181661 -0.736609 
-0.296330 -0.480448 -0.298764 -0.154499 0.460342 -0.212977 -0.548712 0.066582 -0.035983 0.264268 
-0.077858 0.394205 0.453856 -0.678223 -0.078225 0.009133 -0.971991 -0.162191 0.191293 -0.639914 
0.900300 0.741397 0.500696 0.376533 -0.216279 0.087390 -0.397438 0.010860 -0.182527 -0.325818 
-0.039678 -0.622244 0.226640 -0.335864 -0.118224 0.070655 0.197716 0.110068 0.618460 0.118019 
-0.771002 0.125938 0.718757 -0.240534 0.431591 0.278152 -0.808906 -0.672314 -0.131773 -0.236725 
0.145028 -0.439467 -0.301659 -0.159648 0.096541 0.742065 0.299740 0.024455 -0.022546 0.458514 
0.374014 0.866384 0.452078 -0.246476 0.118392 0.154285 0.472853 0.407322 -0.708047 0.449682 
0.367313 -0.205171 0.056367 -0.507251 0.543934 -0.389172 0.704489 0.228477 -0.484607 0.547617 
0.608485 -0.014878 0.276595 0.140514 -0.423420 0.219180 -0.319115 0.345820 -0.407567 -0.162873 
0.822481 0.147624 -0.268001 -0.333682 0.267126 0.218057 -0.313675 -0.274503 0.282405 0.563650 
0.416532 -0.069422 -0.433777 -0.263996 0.000870 -0.339933 -0.147546 0.056638 -0.079217 0.890138 
0.792438 -0.828500 0.027277 0.295043 0.694714 -0.451933 0.598892 -0.236453 -0.435985 0.470802 
0.042685 -0.617141 0.651671 0.222291 0.197155 0.051100 0.203141 0.054919 0.019157 -0.260669 
-0.576098 0.649151 -0.461000 -0.192452 0.092197 -0.147554 0.240625 0.581916 -0.279675 0.653089 
0.241971 0.656531 0.806808 -0.764802 -0.657392 0.611950 0.048215 0.180989 -0.181161 0.903762 
-0.529657 -0.276170 -0.059431 0.211201 0.434636 0.503160 0.395712 -0.499284 -0.026204 0.370539 
-0.116874 0.673558 0.124020 -0.778130 0.102168 0.712954 0.756503 0.735311 -0.307161 0.664551 
0.054603 -0.581210 0.112770 -0.467100 -0.119116 -0.677442 -0.417143 0.276448 0.697784 -0.115341 
-0.181910 0.029507 0.693661 0.190425 -0.041309 -0.467844 0.491055 0.230872 -0.276194 -0.048096 
0.595456 0.100435 -0.170343 0.854479 0.058075 -0.649716 0.681246 0.339452 0.057756 0.026100 
0.054243 -0.139076 0.114071 -0.783563 0.899097 -0.582145 -0.220593 -0.315457 -0.158893 0.369676 
-0.180112 -0.287453 0.792086 -0.012720 -0.550846 0.826262 0.039551 0.136465 -0.264673 0.199060 
0.067710 0.156206 -0.049893 0.549633 0.163153 -0.302155 0.242106 0.601873 0.369979 0.035345 
0.256176 0.331218 -0.500874 -0.459102 -0.449186 -0.096393 0.060975 0.544714 -0.201767 -0.096680 
-0.206434 -0.069729 0.013795 0.139644 -0.114799 -0.752876 -0.128052 -0.515503 -0.080958 -0.343677 
-0.383044 0.073848 -0.358090 -0.271416 0.594692 0.417741 -0.835717 0.460017 0.775257 -0.406415 
-0.325782 -0.202152 -0.584532 -0.068282 0.280584 -0.195214 0.147355 0.594553 -0.555917 0.243884 
-0.098607 0.430357 0.006824 0.245740 -0.514006 -0.555280 -0.317366 -0.286810 0.512929 0.434976 
0.222941 0.691428 0.118462 0.153505 0.606742 0.601312 0.064664 -0.425365 -0.078501 -0.152482 
0.667501 0.569726 0.537284 -0.566042 -0.077624 0.837468 0.127723 -0.489224 -0.183760 -0.213958 
0.094862 -0.060635 -0.572013 0.186926 0.320728 -0.248366 0.383116 0.326820 0.598753 -0.100845 
0.706728 -0.315500 -0.687920 -0.028894 -0.153950 0.544521 0.249269 0.058622 -0.003339 -0.100438 
0.396725 -0.657224 0.045023 0.507259 -0.587260 0.173283 -0.638667 -0.159622 0.046277 0.600458 
-0.282915 -0.120977 -0.239095 0.376348 0.162347 -0.891330 0.235609 0.158240 0.088936 0.683547 
0.231424 -0.316771 -0.149071 -0.009799 0.327062 0.867152 0.061735 -0.231044 0.601794 -0.589513 
0.531478 0.412608 0.046000 -0.161416 -0.756394 -0.204543 -0.377789 -0.174396 0.864335 -0.747255 
0.458923 0.333427 -0.117203 0.206784 0.262892 0.497002 0.247138 0.347505 -0.717405 0.266673 
-0.288629 0.145984 0.559302 -0.373938 -0.187285 -0.117541 0.038628 -0.446602 0.128072 0.246594 
-0.689780 -0.647432 -0.342053 -0.486535 -0.059452 0.731114 0.021896 0.571204 -0.259372 -0.076311 
-0.103663 -0.098193 0.039377 -0.481928 0.274989 -0.205988 -0.196653 -0.375895 -0.168104 -0.551934 
0.872939 0.339620 0.091766 0.034847 0.185623 -0.450186 0.057431 -0.281090 -0.033914 -0.617059 
0.210424 -0.348385 -0.617143 -0.094676 0.510926 -0.921491 -0.277883 0.030684 0.522127 0.722390 
0.419098 -0.335322 -0.168242 0.007149 0.706915 0.055954 0.682492 -0.481290 0.207752 -0.611083 
0.183006 -0.036811 0.021228 -0.825287 0.210951 -0.845730 0.310611 -0.352227 0.252908 0.139849 
0.428960 -0.292984 -0.043184 -0.261280 -0.174647 -0.314093 -0.223869 0.391593 -0.413110 -0.478730 
-0.085569 0.249936 0.330425 0.118532 -0.305893 0.449754 -0.536376 0.755475 0.264268 0.665468 
0.044450 -0.126022 -0.188997 0.385932 -0.005055 -0.778211 -0.760558 -0.255959 -0.725986 0.317893 
0.260523 0.875436 -0.280785 -0.048587 -0.673267 0.095309 -0.482837 -0.104128 0.213203 0.975564 
0.013969 -0.041881 0.464541 -0.223300 -0.305189 -0.354903 0.389314 0.515091 0.200465 0.351425 
0.752121 0.805808 0.291777 0.653116 -0.021438 -0.351107 0.390387 0.248185 0.373134 -0.196688 
-0.254970 -0.001455 -0.064596 0.311718 -0.144581 0.632217 -0.226752 -0.048430 0.147427 0.734280 
0.916898 0.122408 0.021420 0.228290 0.198407 -0.541102 0.232973 -0.851433 -0.070481 0.396575 
-0.099423 -0.612208 -0.476353 -0.198766 0.769384 -0.180381 -0.235143 0.023649 0.224635 0.213355 
0.128465 0.366831 -0.811022 -0.435823 -0.112939 0.917860 -0.060442 -0.508206 -0.429617 0.154177 
-0.291146 -0.978159 -0.085329 0.266141 -0.713836 -0.435305 0.171528 -0.207387 -0.593334 -0.508607 
0.260500 0.081736 -0.285971 -0.338372 -0.135033 0.624184 -0.207162 0.050036 -0.312934 -0.154444 
-0.211085 -0.612741 0.343162 0.312511 -0.463805 0.040010 -0.775579 -0.006172 0.697541 0.211742 
0.481535 0.137657 -0.512399 -0.037124 -0.501517 0.139186 0.252911 0.238049 0.710335 0.300497 
-0.606994 0.048201 0.490228 -0.493413 -0.311348 -0.260027 -0.359108 0.429387 0.069169 0.182761 
0.276684 -0.124290 -0.078182 -0.000509 -0.332983 -0.137379 -0.175425 -0.368926 -0.035356 0.299852 
-0.028431 -0.137658 0.034915 0.519753 -0.309300 -0.333515 0.338958 -0.631791 -0.335457 -0.372255 
-0.190191 -0.557335 -0.430766 -0.325761 -0.752160 0.193767 0.398655 -0.389721 -0.657349 0.254375 
-0.037674 0.056458 0.649446 0.324865 -0.148888 -0.298285 0.826610 0.074672 0.168795 0.674848 
-0.257710 -0.307658 0.096121 0.465262 0.527523 -0.401048 -0.033904 0.619674 -0.031352 -0.317123 
-0.151609 -0.402177 -0.318336 -0.015030 -0.487049 -0.553045 -0.232723 0.311113 0.341934 0.014758 
-0.561591 -0.479926 0.411596 0.776064 0.213933 -0.589835 0.050628 0.596042 -0.389274 -0.584013 
0.072052 0.518151 0.133609 0.318455 0.706519 0.520413 0.265144 0.213765 0.204804 0.049259 
0.200474 0.490566 0.563852 -0.337281 -0.333278 -0.631889 -0.713737 0.237684 -0.155611 0.036531 
-0.212362 -0.401420 -0.325337 -0.672841 -0.266808 -0.726609 0.177710 0.154449 -0.926655 0.028318 
0.079821 -0.640659 0.429791 -0.708072 0.018968 0.780117 0.170013 -0.097356 -0.512432 -0.290899 
0.104816 0.120492 0.015975 0.434355 -0.006797 -0.282415 0.175904 0.323018 -0.125774 0.794179 
-0.448054 -0.262203 -0.749872 -0.063448 -0.048993 -0.245850 1.040470 0.006771 0.116163 0.085070 
-0.513747 -0.753101 0.010566 0.711513 -0.631696 -0.435132 0.513170 -0.850642 -0.161775 -0.569265 
0.304210 -0.145389 -0.046968 -0.988649 0.489035 0.147652 0.074020 0.112534 -0.134105 -0.111846 
-0.127294 0.072822 -0.354219 -0.187331 -0.515670 0.352432 0.279362 0.632146 -0.944791 -0.648773 
-0.020756 -0.585433 -0.170831 -0.108403 0.641579 -0.040884 0.963585 0.463140 0.331527 -0.710398 
-0.537409 -0.476314 0.824707 -0.123585 -0.907404 0.344863 -0.538361 -0.122939 0.482478 0.184507 
0.332411 0.531086 -0.754130 -0.070523 -0.570812 0.329889 -0.397732 -0.417908 -0.785805 0.442702 
0.451833 0.316430 -0.315607 0.222648 0.972063 0.222753 -0.620048 0.660730 -0.126690 0.297383 
0.588552 0.197346 -0.413788 0.631593 0.182130 0.058571 -0.235023 -0.427215 -0.398545 0.649986 
0.044981 -0.095920 -0.280279 0.070583 0.091447 -0.116806 -0.066365 -0.124687 -0.148334 0.321474 
-0.530877 -0.322771 -0.194145 -0.301437 0.018152 -0.016990 -0.775843 0.497640 0.434076 -0.461125 
-0.142340 -0.797055 -0.489497 0.312973 0.581459 0.399655 0.036482 -0.707853 0.317565 0.253782 
-0.692427 0.398180 0.124432 0.472712 0.465000 -0.916007 0.443281 0.112686 0.363943 -0.686734 
0.059859 -0.004752 0.792276 -0.068804 0.274256 -0.558952 -0.565213 -0.887248 -0.261032 -0.895923 
0.612416 0.527308 -0.519025 -0.010822 0.058356 -0.223208 0.058785 0.215400 0.070512 -0.095856 
0.360845 -0.063369 0.220433 -0.690423 0.623514 0.143561 -0.291213 0.284626 0.330233 -0.109369 
-0.380751 -0.462929 0.529172 0.438138 -0.101480 -0.083669 -0.100790 0.020724 -0.064223 -0.147703 
-0.189140 -0.157382 -0.194601 -0.460508 0.423254 0.497367 -0.600356 0.637802 -0.174479 0.293105 
-0.507535 0.029047 -0.770410 0.313053 -0.554292 -0.294761 0.485246 0.634066 0.695215 0.193957 
-0.406544 0.217591 -0.074431 0.875515 0.037820 -0.515218 -0.364662 -0.203225 0.548145 0.775564 
0.114433 0.320343 -0.747871 0.013493 0.261016 0.120950 0.084720 -0.111603 0.155059 -0.467705 
-0.371227 -0.167936 -0.268515 0.224384 0.839338 -0.613278 0.655277 -0.254276 -0.370844 0.651820 
-0.401901 -0.135528 -0.711734 -0.331286 -0.498793 -0.248595 0.306710 0.512135 -0.781920 0.317811 
-0.702103 -0.895772 -0.493259 0.670864 0.434666 0.045295 -0.754604 0.688828 -0.266026 0.173149 
0.048797 0.412566 0.529425 -0.730744 -0.628173 -0.303255 0.415953 -0.410031 -0.213443 0.342270 
0.294753 0.254754 0.365933 -0.166353 -0.092333 -0.760386 0.109707 0.512817 0.786434 -0.497417 
0.478659 -0.231142 0.221038 -0.531245 -0.751546 0.171266 0.492900 -0.704688 -0.442615 -0.153067 
-0.303962 -0.577090 0.032403 -0.066569 -0.421505 -0.205502 0.076883 -0.049341 -0.046434 -0.950841 
0.952175 -0.150994 -0.120120 -0.268135 -0.529129 -0.363684 0.166060 -0.362304 -0.129392 -0.293086 
0.639213 0.652452 0.155780 0.428364 0.376661 0.168297 0.163066 -0.705154 0.013055 0.166737 
0.125521 0.700059 -0.218398 0.015748 0.222634 0.191716 0.476132 0.008728 0.371548 0.525980 
-0.636547 0.098089 -0.394031 0.136654 -0.288439 -0.754437 0.086280 -0.427354 0.326981 0.502867 
-0.517096 -0.589945 -0.512501 -0.697107 0.269927 0.649391 0.374405 -0.339458 0.345904 -0.262731 
0.062522 -0.152289 -0.037781 -0.091028 0.364887 -0.200655 -0.035376 -0.456343 -0.066407 0.463100 
0.542878 -0.316735 0.014971 -0.078462 0.349698 0.357927 -0.488888 -0.492639 -0.124322 0.866401 
0.713894 -0.007313 0.056491 0.171112 -0.556408 -0.900123 0.696300 -0.050939 0.257657 0.100503 
-0.591383 0.006402 -0.223626 0.438344 -0.067005 -0.182262 -0.026413 -0.651966 0.403643 0.011344 
0.060300 0.860469 -0.064130 0.493415 0.662417 -0.231905 0.067254 0.009154 -0.690478 -0.513760 
-0.305193 -0.105200 -0.866650 0.705637 -0.248036 -0.622092 -0.166405 0.579832 0.053468 -0.037603 
-0.360702 -0.216245 0.508937 -0.447731 -0.758744 0.062358 0.349506 -0.391961 0.199839 0.020237 
0.019912 -0.237378 0.636522 0.621195 0.414330 0.405883 -0.680125 -0.239088 -0.017488 0.644846 
0.354026 0.159269 0.665415 0.179330 0.077468 -0.186402 -0.389044 -0.048681 -0.077863 -0.076560 
-0.831994 0.392693 0.524425 -0.701614 -0.545534 0.717476 -0.308818 0.518012 0.658166 0.165366 
-0.086272 -0.158695 -0.412008 0.740800 0.347490 -0.177447 0.092355 0.005326 -0.604536 -0.005924 
0.252406 -0.304869 -0.332033 -0.734803 -0.081863 0.025388 -0.414596 0.332572 -0.298576 0.483098 
-0.259952 0.620302 -0.346800 -0.612559 -0.020708 -0.141888 0.262919 0.138870 -0.175606 -0.869985 
-0.223998 -0.397980 -0.842797 0.502004 0.105514 -0.124362 0.456637 0.637165 0.158156 -0.967439 
0.182949 0.385331 -0.372762 -0.365899 0.048607 0.156249 -0.031230 0.242629 -0.297781 -0.195895 
0.332190 -0.302268 0.388027 0.291268 -0.521674 0.660004 0.189181 -0.584476 -0.425494 0.128401 
0.230524 0.522409 -0.765004 -0.394381 0.468681 -0.212361 0.033066 0.020592 -0.182735 0.972543 
-0.038861 -0.014864 -0.202023 1.130647 0.160880 0.001466 0.415096 -0.117974 -0.707343 0.861395 
0.204298 0.622962 0.071227 -0.289775 0.451458 0.050517 -0.821680 0.715013 -0.559021 -0.265136 
-0.583590 0.102514 0.199503 0.519727 -0.119832 0.103976 0.869164 -0.561713 0.411432 0.100436 
0.428347 -0.629299 -0.776526 0.435767 0.339196 0.255449 0.001143 -0.128673 0.428733 0.663774 
-0.167205 -0.604303 -0.320978 0.295843 0.599024 -0.001806 -0.153156 -0.131370 0.450971 0.493975 
0.010663 0.621353 0.267375 -0.323724 -0.109718 0.888926 0.503728 0.378931 -0.013322 -0.070493 
0.717403 -0.213647 -0.698249 0.136291 0.289672 0.425604 0.759557 -0.061321 0.291861 0.278845 
0.400651 0.092321 0.328501 0.634883 0.575933 -0.047321 0.730113 -0.577102 -0.797333 -0.554735 
0.440954 -0.076159 -0.357947 -0.232950 -0.189995 0.354831 0.258299 -0.363514 -0.138160 -0.263904 
-0.025242 -0.110868 -0.786568 0.387754 0.146838 0.092702 0.546693 -0.737950 0.004017 0.134389 
0.032856 0.106589 -0.137235 -0.231136 0.329632 0.249787 -0.017310 -0.394266 -0.265388 -0.252315 
0.698377 -0.592567 -0.042400 0.446560 -0.054230 0.774008 -0.082666 -0.869651 -0.082707 -0.299093 
0.264888 -0.607896 0.266041 -0.405541 0.131247 -0.201586 0.117030 -0.930282 0.077846 0.176299 
0.007685 -0.112115 -0.031786 -0.094254 -0.068764 0.022996 0.544562 0.523005 -0.494812 0.828685 
0.385352 -0.579360 -0.090894 0.742643 -0.008543 -0.087136 -0.117140 0.028030 0.856049 -0.286651 
0.471928 -0.013281 0.164508 -0.115471 -0.395327 0.245213 0.353440 0.578062 0.178377 0.238922 
0.205366 0.177763 -0.047156 -0.059076 0.127424 -0.421266 -0.609411 -0.356108 0.084965 0.220293 
0.225544 0.680794 0.133314 -0.155063 -0.417588 0.482269 0.233094 -0.123125 -0.132850 -0.006975 
0.467232 -0.406945 -0.862833 0.411888 -0.235849 -0.088006 0.101251 -0.429417 -0.148461 -0.455203 
-0.499904 0.221278 -0.312901 -0.084911 -0.086664 -0.453816 0.489020 0.239526 -0.620660 -0.160746 
-0.709629 -0.863519 0.346730 -0.386406 0.114722 -0.376204 -0.787595 -0.645679 -0.047336 0.415662 
0.178619 -0.746529 0.122811 0.281448 0.133414 -0.368397 -0.053871 -0.185916 0.493760 0.379981 
0.562360 -0.752832 0.913470 -0.297270 0.889568 0.690850 0.159181 -0.286720 -0.516436 -0.333588 
0.066782 0.074821 0.149426 0.342084 0.389606 0.203556 -0.220512 -0.276227 0.099792 -0.487037 
0.355232 0.053779 -0.725503 -0.017304 -0.123753 -0.661678 -0.068150 0.005022 0.312028 0.655839 
-0.283932 -0.364239 -0.523413 -0.364672 -0.117247 0.510965 0.252918 0.983215 0.330913 0.211207 
0.049726 0.174276 0.112140 0.577514 0.546864 0.113090 -0.057817 -0.807107 0.074374 0.001369 
0.276217 -0.734637 -0.812519 0.465838 0.030989 -0.250155 -0.046212 0.551597 0.045928 -0.269041 
-0.399864 0.886782 0.549147 0.240387 -0.539366 -0.420572 0.368897 -0.392932 0.020309 0.552429 
-0.037531 -0.801607 0.052332 0.213426 0.218379 -0.371221 -0.648883 -0.476392 -0.496249 0.005168 
0.196696 -0.173090 -0.717881 0.314487 -0.209666 -0.639326 -0.099788 -0.198555 -0.790456 0.285770 
0.387428 -0.680951 0.347001 -0.357976 0.005238 -0.017507 0.219623 0.126415 0.138439 -0.227491 
0.251900 -0.356517 0.607933 -0.202116 -0.836175 0.386612 1.043113 -0.392461 0.380914 0.081701 
0.221011 -0.319960 -0.329495 0.558932 0.347468 -0.289134 0.388339 -0.261993 0.519870 -0.424008 
-0.094139 0.449874 -0.628852 0.087143 -0.372487 0.136716 0.045151 0.029505 0.297672 0.189801 
-0.104521 0.505916 -0.092603 0.077883 0.057538 -0.704191 0.412506 0.611252 -0.388065 -0.676266 
-0.399194 0.318648 -0.071673 0.166667 0.044953 0.163473 0.026786 -0.123600 -0.094916 -0.711015 
0.378265 0.151731 0.159287 0.511243 0.509794 0.205050 -0.042369 -0.589625 -0.961894 0.229165 
0.704153 0.116426 0.144572 -0.242899 0.073327 0.148294 -0.597083 0.044530 0.310210 0.541898 
0.137877 -0.124474 -0.533216 0.214870 -0.016720 -0.385437 -0.250564 -0.609757 -0.041392 0.206156 
0.025681 -0.645324 -0.196353 -0.692297 -0.010737 0.862593 0.554474 0.296990 -0.825971 -0.278960 
-0.133294 -0.264364 0.153663 -0.137500 0.232229 0.030902 -0.637051 -0.165356 -0.152783 0.335267 
-0.083453 -0.103021 -0.023221 -0.243756 -0.337332 0.204694 -0.225583 -0.677990 0.089529 0.022423 
0.160894 -0.427704 0.452745 0.800095 0.509548 0.070219 0.319803 0.031998 -0.817601 -0.565601 
0.213408 -0.612818 0.573960 -0.072154 -0.135124 0.968408 0.005424 -0.394434 -0.045479 -0.245930 
0.520303 -0.107006 -0.211306 -0.860416 0.712088 -0.182318 0.208206 -0.080508 -0.085353 0.446148 
-0.206215 -0.194709 -0.044832 0.257191 -0.182239 0.374262 0.834276 0.180200 0.192040 -0.406742 
0.892326 -0.170416 0.615803 -0.118171 0.593720 -0.692346 -0.255784 0.189432 0.527276 0.607942 
0.459180 -0.316490 -0.750854 -0.093360 0.178804 -0.655785 -0.069665 0.173461 -0.075414 0.050567 
-0.624130 -0.087107 0.487971 0.826265 -0.456979 -0.644980 0.459607 -0.713138 -0.091144 0.063185 
0.659433 0.169769 -0.374107 -0.791220 -0.568887 0.038027 0.615265 -0.098681 0.087665 0.061095 
0.067438 -0.355723 0.511756 0.362964 0.203306 -0.525454 -0.195032 -0.516645 0.006624 -0.029039 
-0.312772 0.215651 0.065331 -0.252047 -0.060893 -0.246724 0.122325 0.668197 0.302565 0.028573 
0.044556 0.359588 0.262763 -0.168275 -0.432562 -0.321675 -0.380280 -0.096588 -0.040455 -0.138076 
-1.128409 -0.017659 0.065540 0.178930 -0.365440 -0.106957 -0.603203 0.017434 0.006274 0.123840 
-0.088532 -0.038161 -0.336256 0.707158 0.283579 -0.394592 -0.364697 -0.446907 0.097155 0.532956 
0.156422 0.506179 0.517771 0.688534 0.874230 0.200176 -0.062606 -0.395670 -0.138147 -0.173143 
-0.010041 0.359852 -0.256723 0.834954 -0.001546 -0.317245 0.199644 0.865283 -0.497696 0.720319 
0.395012 0.232209 -0.176244 -0.625091 0.452651 0.035582 -0.697683 0.305930 0.107333 0.100510 
-0.189777 -0.790488 -0.320415 -0.119966 0.119173 -0.170850 0.298434 0.355154 0.688065 -0.136026 
-0.272798 -0.515024 -0.110564 -0.122156 -0.270637 0.200757 0.429434 -0.050650 0.241866 0.242718 
0.441479 -0.043648 -0.347484 -0.335171 0.113528 -0.542422 0.912315 -0.047401 0.378298 -0.396764 
0.652823 -0.090454 -0.228182 0.105515 -0.173440 0.408734 0.874619 -0.164030 0.363343 0.550553 
-0.452585 -0.315740 -0.432817 0.166083 0.462882 0.297268 0.152503 -0.008558 -0.070162 -0.258864 
-0.170739 0.305682 0.290144 0.132670 0.465478 -0.542138 0.374269 0.219001 -0.187605 -0.102837 
-0.286898 -0.391553 -0.553322 0.841645 0.503422 0.396489 0.431097 -0.219243 -0.046901 -0.408034 
0.296607 -0.482051 -0.592087 0.885166 0.078120 -0.335051 -0.152334 -0.468380 0.021259 -0.036813 
-0.315659 -0.183445 -0.769186 0.268289 0.516768 -0.332770 -0.128366 0.546125 0.077560 -0.226591 
0.022984 -0.166738 -0.200185 -0.373879 0.695800 0.298710 -0.166212 0.646227 -0.187556 -0.514666 
-0.343332 0.066041 0.365195 0.222581 -0.051421 -0.499500 0.309379 0.053886 0.730636 0.017505 
0.156361 0.728302 0.446833 -0.600800 0.215012 -0.492035 -0.061667 -0.394629 0.200367 -0.259608 
-0.288601 0.107685 -0.420187 0.288356 -0.222447 -0.325378 -0.409825 0.093528 -0.204534 -0.714148 
0.306082 -0.103517 0.364329 0.578602 0.287573 0.697770 -0.440226 0.099454 -0.030057 -0.549514 
-0.330741 -0.317592 -0.473466 -0.702422 0.260394 0.333739 0.375300 -0.173794 -0.268131 0.307142 
-0.277959 0.018148 -0.189635 -0.578413 0.506278 -0.472114 -0.003468 0.435824 -0.013870 0.844795 
0.316431 -0.187504 0.408756 0.431646 0.043630 0.159820 -0.255811 0.048500 0.296257 -0.665914 
-0.657970 -0.022450 0.072110 -0.144355 0.145608 0.305578 -0.106232 0.153717 -0.242990 0.424651 
0.319486 0.567463 0.769947 -0.378296 0.087477 -0.129295 -0.161483 0.754837 -0.738728 -0.084876 
0.284544 -0.126474 -0.631344 0.550445 -0.344032 -0.085815 0.491354 -0.013621 0.114866 0.334037 
-0.529763 -0.372184 0.087241 0.413429 0.072816 -0.252573 0.431143 0.550760 -0.358696 -0.041966 
-0.193232 0.216571 0.419918 0.027752 -0.107279 0.723945 0.376863 -0.139237 -0.313754 -0.163066 
0.166082 0.083634 -0.738257 0.017827 -0.293758 -0.790246 -0.408277 -0.739585 0.527825 -0.383617 
-0.915594 -0.095307 -0.322628 0.505693 -0.091621 0.196934 0.463459 0.192397 0.736216 -0.028885 
0.502571 0.218863 0.438578 -0.368533 0.498975 -0.389559 -0.115498 0.374037 0.011305 -0.512956 
0.475314 0.252888 -0.343403 0.330870 -0.799065 0.175977 -0.362677 -0.012197 0.557701 -0.357757 
-0.026593 -0.249292 0.340546 0.140750 0.439370 -0.299529 -0.333862 0.036795 0.067578 0.148687 
-0.325591 -0.015885 -0.767193 -0.020532 -0.006492 0.306257 0.508624 0.200962 -0.108061 0.423806 
-0.722578 0.098532 0.498176 -0.516558 0.043360 0.178142 0.566351 -0.325503 -0.164467 0.704179 
0.048496 -0.264803 -0.647942 0.292412 0.066109 -0.387471 -0.637651 -0.198103 -0.447306 -0.640341 
-0.190779 -0.479244 -0.011470 0.040096 0.844980 0.621729 0.095349 -0.360845 -0.038488 -0.599529 
0.358728 -0.191910 -0.773912 0.419840 -0.119417 -0.541211 0.685069 -0.065849 -1.047803 -0.862587 
0.137215 0.141736 -0.128425 0.412086 -0.433039 0.167171 0.471553 -0.573996 -0.466366 -0.756285 
0.000423 0.382377 -0.341945 0.130162 0.012369 -0.258918 -0.142905 0.055783 -0.305546 -0.425647 
-0.100389 -0.624813 -0.048083 0.039598 -0.591507 0.178021 -0.187043 -0.212077 -0.067959 -0.686364 
-0.079998 0.124560 0.165788 -0.254070 0.564568 0.297757 -0.003221 -0.342010 -0.425753 -0.248746 
-0.300273 0.328666 0.603334 -0.545958 -0.015483 0.551954 -0.284526 -0.314721 -0.032182 0.029889 
-0.477430 -0.118637 0.049564 0.988330 0.141319 0.573558 -0.505412 0.490518 0.083348 -0.121865 
-0.465710 -0.128682 0.117693 -0.406213 -0.144296 -0.470340 -0.179819 0.123754 -0.031087 0.583890 
-0.280447 -0.148335 0.076343 0.669977 0.188063 0.141692 -0.126425 0.198503 -0.416429 0.074859 
0.320676 -0.204567 0.033994 0.156984 -0.035031 0.047984 0.866432 0.073921 -0.741138 0.092658 
0.224077 -0.822689 0.253656 0.118678 0.133479 0.260444 -0.192674 -0.331227 -0.020947 -0.153509 
-0.456324 0.629375 -0.205890 -0.648086 0.438885 -0.500660 0.682411 -0.224974 0.052638 0.776969 
0.087439 0.640332 0.093290 0.736095 0.136377 0.016368 0.477059 0.089690 -0.650910 -0.675812 
-0.113591 0.450549 -0.499822 0.505168 0.119668 -0.260964 0.319698 0.102307 -0.311653 0.484901 
-0.579653 -0.495890 0.146965 0.164700 0.032880 -0.712983 0.323647 0.492611 -0.039440 0.364316 
-0.722816 0.287784 0.486277 0.008917 0.230286 0.007669 -0.002850 0.535390 0.098695 -0.387306 
0.185137 0.059354 0.655894 0.375171 0.588044 -0.292490 0.744213 -0.602387 -0.619162 0.448366 
-0.168051 -0.742639 -0.012799 0.183638 0.562995 0.238970 0.529164 0.238300 -0.176374 0.857430 
0.145114 0.208573 -0.407084 -0.390747 0.088961 0.618487 -0.710551 -0.080578 0.588855 -0.572751 
-0.474361 -0.144950 -0.029767 -0.140196 -0.309871 0.271569 -0.020207 0.140276 -0.071815 -0.340500 
0.329751 0.043007 0.068282 0.477957 -0.074306 -0.019669 -0.892341 -0.033453 -0.323189 0.152137 
-0.018412 0.461220 -0.336324 0.132751 0.097951 -0.060296 0.408032 0.354608 -0.383187 -0.439296 
-0.885437 0.296490 -0.018632 -0.021562 -0.290832 0.530197 -0.134009 0.841806 0.199970 0.547025 
-0.029653 -0.109349 -0.053913 0.610790 -0.388241 0.720266 0.210320 0.199162 -0.083179 0.188768 
-0.519588 -0.683819 -0.001282 0.412740 -0.356446 0.061652 0.164511 0.539142 -0.162731 -0.113853 
-0.249763 0.138775 0.766171 0.344792 0.127380 -0.398855 0.894192 -0.312243 -0.247287 0.147374 
-0.083048 0.144037 -0.793015 0.106101 -0.410100 0.554789 0.104678 -0.105169 -0.282573 0.322471 
-0.209657 -0.140691 0.066275 0.345480 -0.405046 0.229684 1.036315 0.804719 -0.218780 -0.081301 
0.705813 0.285760 -0.266670 0.277036 0.378574 0.494008 0.064407 0.689473 -0.247393 -0.451887 
0.070094 0.293953 0.076521 -0.120124 -0.121164 0.625754 0.079535 0.026877 -0.956592 0.060443 
-0.491867 0.843941 0.094953 0.229556 -0.673966 -0.422406 -0.473131 0.019705 -0.050739 -0.482707 
0.478538 0.513770 0.298847 0.205857 -0.326489 0.061906 -0.203203 0.264874 -0.544530 -0.009905 
0.123267 0.120861 -0.429262 0.396901 -0.000067 0.542952 -0.033432 -0.251082 -0.339224 -0.071805 
0.005502 0.387660 -0.056621 0.106523 0.116402 -0.746236 0.456549 -0.216401 -0.415424 0.854311 
-0.121345 -0.075052 -0.540592 -0.372882 0.530670 0.439841 0.326360 -0.576081 -0.483877 -0.090978 
0.447788 -0.265128 0.508315 0.420976 -0.420331 -0.386214 -0.455244 0.517723 0.223085 -0.784158 
-0.409906 0.187727 0.475381 0.552625 -0.952020 -0.443097 -0.470901 0.636569 0.820203 -0.867063 
0.277000 -0.169572 0.306292 -0.042405 0.438857 -0.765224 0.793210 0.121819 0.047575 0.255975 
0.099676 -0.405818 0.106372 -0.312087 -0.733034 0.314816 -0.418427 -0.569963 -0.501596 -0.577292 
0.550021 -0.036647 0.078510 -0.390503 -0.236593 0.223929 -0.319177 -0.497260 0.048954 -0.281202 
0.014006 -0.143398 -0.821162 0.483432 -0.319246 0.615014 -0.437116 0.572844 0.665133 0.768817 
0.050180 0.291593 -0.189143 0.516956 -0.015320 0.174354 -0.730781 0.593349 0.318843 0.126541 
-0.010462 0.230371 0.318783 0.183281 -0.018716 0.416012 -0.048493 -0.237988 0.495538 -0.380854 
-0.468310 0.482999 -0.172085 0.226286 0.154432 0.159370 0.080018 0.673498 0.175440 0.384501 
-0.160830 0.203274 0.518340 -0.442618 0.284740 -0.469799 -0.148807 0.521622 0.057294 -0.083115 
0.105481 -0.640011 0.460993 -0.257983 0.968390 0.846844 -0.264018 -0.486842 -0.033412 0.395277 
0.168841 -0.008502 -0.094838 0.129033 -0.631592 0.253693 -0.152387 -0.287893 -0.452391 0.098009 
0.365968 0.225163 0.934661 -0.057550 -0.146726 0.289722 -0.072505 -0.719172 0.587402 0.909215 
-0.878654 0.436914 -0.327806 -0.078662 -0.466746 0.959101 -0.494456 0.329951 -0.341781 0.519564 
0.168637 -0.320321 -0.188959 0.570624 -0.786559 0.750847 0.150149 -0.373219 0.004933 0.291745 
-0.001602 -0.323072 0.028948 0.625683 0.037162 0.758099 0.460450 -0.378494 -0.928957 -0.020323 
-0.024709 -0.208637 -0.690866 -0.385954 -0.346550 0.481252 0.814709 -0.400281 0.849860 -0.237735 
-0.331511 0.178046 0.185509 -0.120513 0.583690 -0.003869 0.381819 -0.648988 -0.079421 0.085169 
-0.560185 -0.659484 -0.178044 0.208936 -0.199803 0.742570 0.324787 0.386643 -0.548226 -0.379733 
0.122562 -0.067471 -0.442642 -0.052389 0.021865 0.083779 0.315028 0.245221 0.064540 -0.541290 
-0.357504 -0.101282 -0.453928 0.035469 0.504495 0.132241 0.891146 -0.785235 0.091318 -0.447550 
0.247436 0.108934 -0.184292 0.136513 -0.177129 0.117943 -0.428118 0.160342 0.125618 -0.180442 
0.687712 -0.390228 0.063005 0.478238 -0.075994 0.769650 0.583303 0.292889 0.085268 0.235640 
-0.086206 0.550856 -0.501516 0.114625 -0.245612 -0.298517 -0.141587 -0.510960 0.007716 0.253860 
-0.082359 0.184613 0.961460 -0.265651 -0.179227 -0.682401 -0.812844 0.677776 -0.497916 -0.377833 
-0.348179 -0.352015 -0.420815 -0.395019 0.089441 -0.215830 -0.345101 0.174963 0.446927 0.026376 
-0.299858 -0.121622 0.095275 -0.003508 -0.673298 0.005074 -0.347159 -0.620188 -0.209621 0.119162 
-0.320228 0.746168 -0.214424 0.466181 -0.267113 -0.429801 -0.432084 -0.588260 -0.000062 0.463728 
-0.092014 0.185126 0.029031 0.246307 0.446246 0.708083 -0.864906 -0.329017 0.358383 0.237153 
-0.435333 0.456968 -0.802240 0.091779 0.212996 0.516890 -0.052320 -0.101630 0.259927 -0.188814 
0.492473 -0.180614 -0.046231 0.667280 0.598017 -0.597105 0.677685 -0.567979 0.741576 0.079078 
0.085675 0.079516 0.273971 0.033834 0.114354 -0.748192 -0.634127 0.294622 -0.433697 -0.353741 
-0.127351 0.317656 0.906827 -0.578606 -0.716513 -0.390906 0.086261 0.414434 0.666617 -0.097665 
-0.698415 0.386019 0.225300 -0.012919 0.649076 -0.043461 -0.318604 0.069865 0.024280 -0.762890 
-0.004551 -0.322965 0.534814 -0.560328 0.539544 -0.019686 0.495680 -0.493822 0.048832 -0.485115 
-0.859323 0.219896 -0.256310 0.392832 -0.223086 0.080712 0.478361 -0.152396 0.839874 0.222165 
-0.328065 0.225392 0.568551 -0.161207 -0.768122 0.330892 0.780499 0.146332 -0.184914 0.352003 
0.247756 0.384507 0.174098 -0.309003 0.564478 -0.560209 -0.034821 0.264451 0.348035 0.333344 
-0.450238 -0.042075 -0.840016 -0.067695 0.743110 0.658269 -0.525182 0.546128 0.191451 -0.075167 
-0.778045 -0.101735 -0.083345 0.072288 -0.609415 -0.027309 -0.307821 0.179520 -0.108254 0.138435 
0.387428 0.477760 -0.341117 0.088094 0.378177 -0.208828 -0.094075 -0.164962 0.613878 -0.638234 
0.151301 -0.144223 0.019107 0.426413 -0.814019 -0.168860 -0.206403 -0.354314 0.067642 -0.453166 
-0.589404 0.045201 0.647104 -0.098935 -0.262487 -0.312839 0.002761 0.093363 -0.672674 0.229190 
-0.425204 -0.816554 -0.164015 0.530487 -0.571425 0.825807 -0.144475 -0.348407 -0.447132 0.093386 
0.188651 -0.670779 -0.314105 -0.163182 -0.264091 -0.047775 -0.271741 0.263047 0.788373 -0.386228 
0.313783 -0.752767 -0.340857 0.082674 0.162949 0.781774 0.812982 -0.772857 0.379980 -0.611396 
-0.146140 -0.293236 -0.172020 0.141916 -0.470072 -0.081872 0.230379 -0.314490 -0.109762 -0.224732 
-0.860792 -0.154421 0.131324 0.093640 -0.957275 -0.329166 0.809731 -0.125393 0.130429 -0.110220 
0.158275 0.047462 -0.319915 0.729968 -0.400836 -0.153946 0.906083 -0.325419 0.532242 -0.662159 
-0.502911 -0.081033 0.342285 0.465481 -0.077250 -0.342263 0.010021 -0.871375 -0.785708 -0.762144 
0.421540 -0.196023 -0.210888 0.073917 0.214388 -0.535542 -0.685816 0.599130 -0.034484 -0.667367 
0.434437 0.060113 -0.399475 0.002452 -0.077594 0.088963 0.054568 0.269498 -0.817779 0.551007 
-0.251003 0.159095 0.218458 0.780682 0.720014 -0.546094 -0.315533 0.216325 0.543458 0.504217 
0.329304 -0.184565 0.292164 -0.416194 0.378968 0.187860 -0.282785 -0.055623 0.003315 0.476776 
0.640362 -0.184666 0.226494 0.099643 0.153773 -0.499900 -0.141175 0.819243 0.324245 -0.093592 
0.394323 -0.254319 -0.754730 -0.475593 0.292535 -0.829791 -0.325227 -0.624750 -0.059213 -0.161964 
0.034191 -0.524846 0.483116 0.430208 0.615487 0.616575 -0.729130 0.308008 0.004210 -0.154788 
-0.165819 0.184943 -0.136415 -0.363504 0.000488 -0.042772 -0.256494 0.099384 -0.291538 0.049516 
-0.124522 0.331197 -0.041031 0.764543 -0.533936 -0.700013 -0.412840 -0.104322 -0.947046 0.269661 
0.040079 0.092499 0.604505 0.036595 0.724414 0.664693 -0.251835 0.795662 -0.360969 -0.311824 
0.198479 -0.613372 -0.533634 0.232228 -0.177590 -0.413409 0.702951 -0.341301 -0.128438 0.627676 
-0.196802 0.192520 0.287023 0.258505 -0.445329 0.032149 -0.068665 0.536944 0.701370 -0.082831 
0.274808 -0.614255 0.182850 0.282867 -0.260543 -0.351264 0.202463 0.093519 -0.169126 0.416718 
0.321303 -0.861060 -0.133397 -0.377590 0.439744 0.097032 0.041797 -0.315708 0.516181 -0.705022 
-0.049764 -0.193404 0.780299 -0.438317 -0.743841 0.017122 -0.638072 -0.247872 -0.204844 -0.093919 
0.044546 -0.021642 -0.554118 -0.787188 0.680487 0.273590 0.270809 -0.397983 -0.091857 -0.069057 
0.306641 -0.249920 -0.008906 -0.097208 -0.007908 0.144573 -0.467284 -0.108215 -0.329566 -0.681999 
-0.218709 -0.116093 0.477297 0.372239 -0.231185 0.715895 -0.210482 0.540779 -0.191517 0.049299 
-0.616263 0.673385 -0.004463 0.432655 -0.230478 -0.758881 -0.267555 0.530904 0.356533 0.049221 
-0.807162 0.014648 0.857252 0.531464 0.062923 -0.217426 -1.003432 0.493971 0.754460 0.062394 
0.426858 -0.038262 -0.075440 0.181061 0.415149 -0.225289 -0.822782 -0.035375 0.139290 0.132423 
-0.403643 0.645819 -0.242437 0.304626 -0.010065 0.398637 -0.163703 0.100204 -0.254715 -0.543487 
-0.043058 -0.113506 0.443874 -0.192942 0.179353 0.071658 0.225061 0.908300 0.765448 -0.327566 
0.101354 0.385137 -0.043401 0.175926 -0.449086 0.000244 -0.333934 -0.790682 0.654930 -0.416582 
-0.265990 -0.093292 -0.049727 0.164085 -0.113417 0.502433 -0.054481 -0.534594 -0.739573 -0.672716 
0.473579 0.714321 -0.047516 0.172189 -0.083644 0.540264 0.350851 0.003141 0.118308 0.781054 
0.316683 -0.627109 0.125660 0.916939 -0.383143 0.565291 -0.613342 0.295438 -0.039684 -0.065264 
-0.626289 -0.151257 -0.034446 -0.145391 0.102077 0.653404 -0.285401 0.464584 -0.429323 0.436360 
0.599164 -0.530799 -0.827811 -0.580967 0.156462 -0.440767 -0.458215 -0.061510 0.009631 -0.003623 
0.359389 0.613089 -0.637092 0.181063 0.265357 0.565934 0.167859 -0.377641 -0.396183 -0.047684 
0.288083 -0.687190 -0.407334 -0.304549 0.831707 0.108006 -0.211853 0.096496 -0.402826 0.471999 
-0.277291 -0.235801 -0.168271 -0.309689 0.268501 0.547324 -0.346224 -0.718642 -0.075039 0.155408 
0.506285 0.940150 -0.250244 -0.150716 0.166094 -0.448712 0.069588 -0.219478 -0.441262 -0.450853 
0.013297 -0.684439 -0.284505 0.278372 0.471865 0.656041 -0.507190 -0.656215 0.521473 0.730315 
-0.464822 0.481725 0.376509 0.764490 -0.310570 -0.092028 0.282215 0.485281 -0.235969 0.710375 
0.232445 0.157156 -0.210631 -0.856651 -0.309203 -0.926297 0.096043 -0.076023 -0.196294 -0.567121 
0.044056 0.172351 -0.528039 -0.586317 0.430005 -0.491497 0.446576 0.455332 -0.828605 -0.431107 
0.521031 0.072953 0.151081 0.108397 0.694591 0.467728 -0.139179 0.108988 0.301815 -0.417129 
-0.323189 0.378734 0.753381 0.358320 -0.560923 -0.204744 0.546225 -0.411552 -0.134181 0.656788 
0.256342 -0.702428 -0.237100 0.449663 -0.069068 -0.203252 0.121529 -0.269202 0.009592 -0.200078 
0.018407 0.409263 0.463387 0.258748 0.693708 -0.112476 0.040083 0.068880 -0.406401 -0.130663 
0.578657 0.132409 -0.159660 0.539669 -0.051029 -0.694319 -0.068059 -0.476308 -0.299357 0.744220 
0.793456 0.356523 -0.187418 -0.469811 -0.055616 -0.046153 0.000916 0.129749 -0.090971 -0.183580 
0.201559 -0.148910 0.781663 0.370357 0.197340 -0.058330 -0.432108 0.592841 -0.368386 0.088101 
-0.214826 0.116295 -0.015942 -0.448881 0.036224 -0.128655 0.162913 0.061000 -0.040453 0.893032 
0.792138 0.071937 -0.136135 -0.079658 -0.067671 0.242500 -0.443763 0.186314 0.444103 0.012251 
0.290107 -0.459701 -0.790512 -0.111065 0.102375 0.567932 -0.094514 0.087327 0.099104 -0.148290 
0.079138 0.500388 0.006973 -0.142792 -0.569168 0.234392 -0.158525 0.238184 0.177690 -0.222258 
-0.281538 -0.043067 0.459100 0.113343 0.040433 0.871093 0.049360 0.048369 -0.090486 0.084899 
0.386038 -0.037378 -0.457354 -0.046288 0.245842 0.198219 0.011135 -0.015891 0.139037 -0.427069 
0.615080 -0.657440 0.381053 0.430273 -0.836167 0.753884 -0.069837 0.145928 -0.098934 0.526173 
-0.579656 -0.764499 -0.423003 -0.387039 0.185805 -0.079416 0.131179 -0.158878 0.615970 -0.086310 
-0.542700 -0.512434 0.203203 -0.484850 -0.382112 0.261811 0.509840 -0.140146 -0.375448 -0.243654 
-0.439002 -0.229496 -0.087242 -0.304323 0.813902 0.487141 -0.012884 0.065769 -0.583408 0.260779 
0.644061 0.213986 0.092893 -0.467470 0.558497 -0.055074 -0.371996 0.085246 -0.002875 0.220828 
-0.711519 -0.750181 0.660237 0.710482 -0.139802 -0.358815 0.167480 -0.357224 -0.410196 0.343962 
0.208608 0.426999 -0.307275 -0.173803 0.113407 0.032727 -0.615403 0.504421 0.291016 0.588721 
-0.011052 0.722134 0.643530 -0.083127 0.228677 -0.150578 0.016921 -0.780178 0.527487 -0.154621 
-0.045568 0.041872 0.740592 -0.187939 0.466862 0.597862 -0.927325 0.579333 -0.576550 0.261440 
-0.373470 0.127035 0.084731 -0.270760 -0.796622 -0.362686 -0.020358 -0.551572 0.018626 0.026942 
0.554725 0.914864 -0.322206 -0.389493 -0.114171 0.103499 -0.276521 0.148979 -0.562273 0.609611 
0.394817 -0.291448 0.688457 0.359706 0.372788 -0.584162 0.810814 0.573805 -0.271044 -0.276509 
0.085442 0.019882 -0.144248 -0.211809 0.030605 0.059777 0.544158 -0.121149 -0.133130 -0.020842 
0.640969 0.094842 -0.417398 -0.933622 -0.147290 -0.021178 -0.440669 -0.199163 0.152004 -0.274852 
0.024597 0.579505 0.465209 -0.154245 -0.295179 -0.407845 -0.808182 -0.148851 0.357249 0.101683 
0.742448 0.128958 0.044927 0.722691 0.526697 0.386095 0.209196 0.143134 0.428451 0.018579 
-0.157712 0.471233 0.295896 -0.193190 0.242420 -0.134268 -0.026854 0.291846 -0.074206 -0.782545 
-0.524149 0.003322 0.568526 0.358740 0.135398 -0.869685 -0.013432 0.011669 -0.076070 -0.064388 
-0.266686 0.151580 0.796035 -0.283085 -0.541780 0.175014 0.537484 0.617016 -0.675997 0.107361 
0.385194 0.437198 0.837277 0.615610 0.266940 -0.069410 0.350442 -0.313828 -0.480660 -0.110632 
0.436020 -0.081280 0.231177 -0.019529 0.515530 0.033576 0.268638 0.178878 -0.111826 -0.019774 
0.543872 -0.831518 -0.052866 -0.125829 -0.698775 0.496003 0.665020 0.480883 -0.129775 0.737911 
0.829838 0.294919 0.097216 0.092127 0.369941 0.239092 -0.322998 0.475944 0.139426 0.567355 
-0.608265 0.102412 0.190958 -0.942758 0.179989 -0.413603 0.066331 -0.237432 0.220186 -0.254782 
0.154900 0.325906 -0.034860 -0.184835 0.204999 -0.281018 -0.273752 0.411668 0.264497 -0.386480 
0.357472 0.202872 -0.405883 0.056309 -0.195357 0.596863 -0.121203 -0.271792 0.565344 0.568416 
-0.155798 0.133776 0.608879 -0.049611 -0.023759 0.478369 -1.268332 -0.146618 0.529596 -0.252572 
0.522420 0.112245 -0.192261 0.741921 0.321604 0.280989 -0.498259 -0.133342 -0.090959 0.550138 
0.151250 0.117619 0.399393 -0.166134 -0.163623 -0.671758 -0.097910 0.887737 -0.714843 -0.434408 
-0.321189 0.691520 0.023371 0.000126 -0.657120 -0.195198 -0.135968 -0.480788 -0.135210 -0.465660 
0.558874 0.008129 0.184657 -0.001479 -0.522081 0.105128 -0.155364 0.484603 -0.802135 -0.038149 
0.761807 -0.013702 -0.295179 -0.314315 -0.222955 -0.490355 0.480180 0.088553 0.122608 0.324235 
-0.544567 -0.279010 0.157481 -0.286750 -0.354873 -0.694607 -0.070909 -0.658776 0.439777 0.545334 
-0.092499 -0.411722 0.303465 0.589965 -0.348923 0.511784 -0.162072 -0.565419 0.102545 -0.171921 
0.477629 0.230948 -0.032355 -0.336064 -0.681743 0.114000 -0.247318 -0.420256 0.037799 -0.053504 
-0.143700 -0.201789 -0.786106 0.194399 0.043595 -0.498250 -0.389442 -0.002351 -0.041122 0.342764 
-0.256462 -0.517434 -0.296370 -0.146171 -0.016761 -0.170688 -0.239354 -0.458310 0.582379 -0.446255 
-0.314874 0.162911 -0.586208 0.040589 0.685935 1.005476 0.432687 -0.141801 0.368398 0.109150 
-0.543393 0.137740 0.278922 0.336523 -0.594644 0.766970 -0.324192 0.329970 -0.014204 0.639250 
-0.267415 -0.002462 -0.073847 -0.569315 -0.415569 -0.169343 0.291008 0.273489 -0.420538 -0.455648 
0.502441 0.975297 0.096524 0.352502 0.685207 -0.148188 -0.462169 0.615247 -0.332654 0.795002 
0.599217 0.250564 -0.515161 -0.476330 0.134894 0.082714 0.321792 -0.155142 -0.646291 0.516003 
-0.788537 0.437932 0.152510 -0.777279 0.114771 0.087633 -0.385061 -0.368387 -0.143156 0.174086 
0.236438 0.619094 0.295777 -0.022933 -0.328069 -0.306721 -0.158518 -0.363986 0.188058 0.819360 
-0.106001 0.013483 0.236039 -0.392041 0.802327 0.086373 0.034972 -0.401537 0.170013 -0.018524 
0.077753 -0.276589 -0.194051 -0.088241 0.218312 0.297393 -0.367031 -0.378395 -0.044028 -0.038107 
0.022154 -0.202936 0.753734 0.379953 -0.029007 -0.233842 0.035711 -0.033694 0.848482 -0.160287 
-0.368917 0.179586 -0.553629 0.103474 0.030601 0.160683 -0.882873 0.091761 0.353868 -0.191210 
0.908367 0.376799 0.055364 0.705763 0.225379 -0.024013 0.648685 0.056169 -0.055724 -0.416369 
0.379910 -0.963810 -0.333997 0.233628 -0.373340 0.371862 -0.503452 0.296929 0.037207 -0.312728 
0.781857 0.126940 -0.290273 -0.581691 -0.583101 0.687476 -0.495481 0.015285 -0.234548 0.596197 
0.564276 -0.133351 0.463614 -0.377750 -0.724790 -0.124066 0.541823 -0.825867 0.062820 0.461067 
-0.129845 0.132442 -0.500129 -0.324606 0.439338 0.776148 -0.380784 -0.224054 0.680671 0.180919 
-0.069365 -0.193576 -0.426393 -0.087849 -0.440525 0.228621 -0.200337 0.574483 0.351985 0.115754 
-0.338624 -0.423803 0.059087 -0.453873 0.714181 -0.205584 -0.081899 -0.047149 -0.543476 0.667200 
0.388127 0.221179 -0.207415 -0.321531 0.036844 1.014975 -0.180307 0.843054 0.901221 0.119657 
0.201258 0.023346 0.113045 -0.083224 -0.087953 0.596588 0.586862 0.309896 -0.391793 -0.013617 
-0.239769 0.145028 -0.706181 0.815572 0.461272 0.778435 0.142812 -0.408341 -0.266418 0.125929 
-0.158959 -0.266330 0.351200 0.287875 0.085496 -0.351902 -0.338872 0.312129 -0.366075 0.345358 
0.829124 -0.426207 -0.216712 -0.337844 -0.341358 0.341731 -0.076776 0.003934 -0.144387 -0.527582 
0.365048 -0.337050 -0.285029 0.240109 0.095407 0.772083 0.189886 0.029184 0.199512 0.805943 
0.184726 -0.678797 -0.112669 0.652157 -0.469464 0.078516 0.793074 -0.138675 -0.573958 0.220920 
0.441080 0.456607 -0.098361 -0.085995 -0.030525 0.331978 -0.539179 0.209136 -0.304920 -0.577868 
-0.146870 0.062952 0.778596 -0.690763 -0.147941 0.009443 0.084243 -0.066387 0.691785 -0.640471 
-0.484598 -0.227452 -0.065110 0.306017 -0.239022 0.086671 0.791014 0.190724 -0.109619 -0.048175 
0.980856 0.028021 0.140419 0.022559 -0.196284 -0.313019 -0.275378 -0.818330 -0.664649 -0.583509 
0.142264 -0.345023 0.462099 -0.491620 0.388050 0.251929 -0.788898 0.367800 0.191902 -0.716056 
0.718275 0.252916 0.298871 0.098979 -0.056890 -0.176019 -0.104842 0.012646 -0.712353 -0.224143 
-0.043749 -0.007218 0.235001 -0.477868 -0.239622 0.473371 0.693468 -0.082515 0.131086 -0.347381 
-0.462851 0.148815 0.896221 0.787865 0.689809 -0.120604 -0.443935 -0.179029 -0.787083 0.230924 
0.149232 0.447066 -0.597158 -0.169606 -0.600856 -0.382303 -0.063823 0.368054 -0.076752 0.027558 
0.725233 0.260078 0.763980 0.071880 0.434222 -0.045768 -0.000844 -0.575423 -0.233323 -0.059602 
-0.257008 0.100784 -0.677354 -0.486354 0.629544 -0.139794 -0.559771 0.636411 0.200983 0.183023 
0.014300 0.218519 0.538526 0.415085 -0.100965 0.471070 -0.087386 0.322617 0.040695 0.481287 
0.380024 0.025017 0.461777 0.021184 -0.630660 0.296892 0.340823 0.397475 0.159572 0.186975 
0.178202 -0.298869 0.228409 0.312527 0.859636 -0.064349 0.135105 -0.946931 -0.373585 0.269942 
0.314969 0.383124 0.077683 0.493786 0.591209 0.291653 0.320886 -0.168761 0.017638 -0.137161 
0.011891 0.123060 -0.254859 -0.323249 -0.743078 0.367718 -0.556117 0.131268 -0.482357 0.900206 
0.423076 -0.113531 0.121818 -0.774420 -0.106345 0.039278 0.742103 -0.105728 0.304399 0.141016 
0.696362 0.099097 0.103795 -0.382549 -0.087349 0.795522 0.429997 -0.110748 -0.686471 0.087609 
0.435444 0.017642 0.036869 -0.348270 -0.482002 -0.028547 -0.097901 0.091220 0.201166 1.030987 
-0.496002 0.300861 0.146319 0.439337 0.280615 -0.280666 0.241562 0.611387 0.542847 0.990249 
0.344310 0.087326 -0.392552 0.148440 -0.116434 -0.064331 -0.426576 0.021361 0.336549 0.523659 
-0.645333 -0.859130 -0.473334 -0.288524 0.075177 0.100865 0.182962 -0.667579 0.350082 0.922509 
-0.020437 0.399153 -0.374430 -0.900354 0.012283 -0.500772 0.345914 0.551523 0.419417 0.224445 
0.125608 -0.321508 0.114187 -0.103201 -0.356354 0.614121 0.234462 -0.232726 -0.594619 0.939493 
0.441721 -0.457522 -0.193173 0.479989 -0.498892 -0.309019 -0.372404 -0.343042 0.224905 0.234835 
-0.676545 -0.705625 -0.353686 0.144714 0.042130 -0.423624 0.185963 0.178352 -0.025542 0.239717 
-0.702512 0.013519 0.049855 0.280847 0.332284 -0.621460 0.112941 0.104146 0.499699 -0.136772 
0.216683 0.034264 -0.768414 0.086081 -0.088743 -0.018133 0.026070 -0.086597 -0.535932 0.509639 
-0.358325 -0.538223 -0.825285 0.274080 -0.181941 0.473181 -0.651709 0.258984 0.533233 -0.037527 
-0.373557 -0.374863 0.576969 0.510408 -0.229103 -0.035573 -0.424257 0.045325 -0.118814 -0.434565 
-0.565024 0.724348 0.260441 -0.845194 -0.624002 0.312313 -0.262816 0.535014 -0.587039 0.410918 
0.966355 0.619325 -0.325413 0.129160 0.040300 0.319561 -0.511022 0.160053 -0.021066 -0.433394 
0.306087 0.362190 -0.233604 0.263238 -0.024463 -0.575233 -0.050215 0.415597 0.681529 0.204966 
0.156775 -0.797520 -0.485041 0.335876 -0.328436 -0.107234 -0.246118 -0.006940 0.129883 -0.282666 
-0.098856 0.044538 0.152159 0.447341 0.001864 0.585916 0.142104 -0.216785 0.127402 0.163866 
0.023527 -0.213874 -0.710891 0.278395 0.039781 -0.464964 0.124566 -0.216145 0.022831 0.120552 
-0.121588 0.188297 0.486345 -0.331119 -0.901107 -0.582948 -0.118070 -0.109944 -0.020539 -0.403434 
0.168199 -0.035816 -0.297702 0.569306 -0.017486 -0.247471 -0.604792 -0.123740 0.912628 0.497967 
-0.619920 0.133399 0.117672 -0.565007 0.194673 0.117531 0.158186 0.655532 -0.170414 -0.412983 
-0.083805 -0.327455 0.280355 0.192957 0.094369 0.204591 0.605711 0.737431 0.361454 0.820786 
0.204540 -0.081001 0.020032 0.221977 -0.200988 0.661487 0.148462 0.026968 -0.116934 -0.377370 
-0.082127 -0.547451 -0.835424 0.239165 0.360869 0.079621 -0.002787 -0.073518 0.575414 -0.127270 
0.981392 0.092626 -0.135324 -0.466366 -0.663212 -0.282036 -0.022383 -0.240602 0.364971 -0.315376 
0.094192 0.298557 -0.241839 0.081806 -0.630360 0.696292 0.468724 0.421801 -0.077984 0.125974 
0.166661 0.512460 -0.002799 0.253047 -0.718889 0.083884 -0.339113 -0.602054 -0.389641 -0.147412 
0.504435 0.317864 0.292567 0.255617 0.727734 0.462788 0.143108 -0.061155 0.241697 0.657391 
0.225017 -0.135193 0.024087 -0.746307 -0.240223 -0.406259 0.531473 0.083092 -0.331424 0.208032 
0.859953 0.193690 -0.512371 0.040370 -0.679947 -0.783779 0.286551 -0.731866 0.374715 0.141792 
-0.184434 0.257823 0.443147 -0.070836 -0.324906 -0.613907 -0.330783 -0.662874 0.785871 0.082294 
0.295162 0.513966 0.119680 0.577733 0.316508 0.440376 0.310860 0.129302 0.154897 0.007087 
0.408392 0.223508 -0.287118 -0.146406 -0.013129 -0.602431 0.029684 0.440496 -0.207352 0.705456 
-0.160571 0.053498 -0.377917 0.389153 0.362265 0.441289 0.588102 0.450153 0.244366 0.732001 
0.151999 0.329705 -0.096840 -0.196344 -0.064522 -0.254097 0.453693 0.614254 -0.111138 -0.285103 
0.253937 -0.093953 -0.332934 -0.385977 -0.222235 -0.798249 -0.657991 -0.050925 0.154424 -0.207278 
0.085890 -0.156387 -0.880448 0.062337 -0.453144 -0.591571 0.792643 -0.475569 -0.456824 0.303086 
0.287594 0.312283 -0.233079 0.427517 0.069330 0.193087 0.600063 -0.466960 -0.630309 -0.244645 
0.208124 -0.196203 0.222946 0.155716 -0.499551 -0.790278 -0.211598 0.301618 -0.303145 0.510358 
-0.194604 -0.007726 0.538733 -0.097055 0.157268 -0.128158 -0.388171 0.305041 -0.040169 -0.408028 
-0.216076 0.334631 0.201523 -0.061967 -0.606433 -0.324849 -0.002049 -0.440458 0.177001 -0.606545 
-0.059938 -0.226669 -0.083364 -0.769257 -0.449676 0.351853 0.549811 -0.121054 -0.687567 -0.393895 
0.127538 -0.050245 -0.029558 0.541471 -0.057389 -0.501762 0.212990 0.408352 0.335285 -0.008129 
-0.606899 0.267777 0.040071 0.606969 -0.076862 0.071601 0.528578 0.142011 0.511969 -0.355601 
-0.388896 0.368220 -0.598102 -0.080614 0.388114 -0.369624 0.273078 -0.314863 0.031003 -0.330055 
0.515457 0.024469 -0.250958 -0.469885 -0.157087 -0.284038 0.318358 -0.737365 -0.149125 -0.539742 
0.098013 0.023906 -0.011109 -0.319373 0.001505 -0.024002 0.087305 -0.445398 -0.835383 0.097485 
0.262092 0.463461 -0.102666 0.300784 -0.092435 -0.012701 -0.147640 -0.625539 -0.279754 -0.138769 
0.406804 0.239302 -0.163801 -0.669231 -0.121291 0.008494 0.242124 -0.278716 0.198053 -0.112325 
-0.216745 0.110967 -0.113822 0.476867 0.540814 0.328498 0.174580 0.441883 0.361713 0.011628 
-0.798747 0.381224 0.492076 -0.417164 -0.875425 -0.204252 0.345484 0.543446 0.392144 -0.161914 
0.363716 -0.119039 -0.265615 0.543065 0.094762 -0.664033 0.574137 -0.262040 -0.180403 -0.240081 
-0.192793 -0.146503 -0.539811 0.369320 -0.583459 -0.220640 -0.626731 -0.699135 -0.013968 0.210593 
0.424621 0.381656 -0.740346 0.049057 0.445045 0.000553 -0.629992 0.360196 0.274897 0.676501 
-0.021103 0.466455 0.124915 -0.565174 0.626012 0.161815 0.210386 -0.003859 -0.304354 -0.472771 
-0.084700 -0.623598 0.424602 0.050659 0.488893 0.341095 0.238516 -0.253795 -0.387556 0.436028 
0.909529 0.286931 -0.802797 0.480648 -0.652740 -0.041144 0.624358 0.438344 0.134424 -0.291171 
0.315782 -0.903615 -0.086958 -0.245544 0.045559 -0.298105 -0.100731 -0.067929 0.358483 -0.042740 
-0.475149 -0.032526 0.323891 -0.040674 -0.071004 0.000361 0.812760 -0.393371 0.065532 0.235500 
-0.348229 0.064557 -0.002987 -0.664657 0.424596 -0.053351 -0.711968 0.806400 0.464471 0.051612 
0.473964 -0.394576 0.266167 -0.321544 -0.397294 0.352518 -0.094872 -0.580223 0.538915 0.212825 
0.000723 -0.173618 0.242502 0.546265 -0.572953 0.064428 0.737764 -0.132054 -0.059778 0.212301 
0.304887 -0.361761 0.161631 -0.179979 -0.168210 -0.349718 0.290302 -0.111983 0.103082 0.089911 
-0.166918 0.358048 -0.086410 -0.743391 0.776436 0.402619 0.157333 0.176756 0.037830 -0.132301 
-0.220669 0.696719 0.005013 0.301059 -0.016536 -0.291176 0.636413 -0.724630 0.226091 0.272365 
-0.228823 0.119209 0.654234 0.012076 -0.766391 -0.347630 0.454729 0.003718 -0.128147 -0.483355 
0.503918 -0.286308 0.205680 -0.490355 -0.528543 -0.520404 -0.501584 0.146869 -0.150391 -0.199449 
-0.079091 0.165143 -0.257225 -0.297390 -0.560632 -0.528210 0.435376 0.092167 0.156028 0.005840 
0.307291 -0.047329 0.072388 -0.183685 0.237603 -0.007606 0.078631 0.528088 0.327737 0.359089 
0.368541 -0.215305 0.039378 -0.681174 0.451995 -0.185962 -0.138636 0.537223 -0.127542 0.801413 
-0.087882 -0.688140 -0.000060 -0.290968 0.047759 0.089976 -0.036415 0.184667 -0.252454 0.177297 
0.812869 -0.007201 -0.203834 -0.463140 -0.142894 -0.221814 -0.802845 0.723111 -0.073661 0.519376 
-0.490766 0.410913 -0.503842 0.441119 0.080234 0.445673 -0.352639 -0.462426 -0.036072 -0.887582 
-0.569250 0.603234 -0.019053 -0.186155 -0.250072 -0.118548 -0.042945 -0.284066 0.884828 0.697718 
-0.216068 -0.135872 -0.417339 -0.127760 0.473564 -0.631871 0.877411 -0.473405 0.297019 -0.234269 
-0.322444 0.307467 -0.060452 0.087824 -0.820166 -0.209752 -0.070641 0.393769 0.055734 0.058625 
0.251536 -0.566388 0.398117 -0.012695 0.300647 -0.257917 0.400219 -0.387186 0.072951 0.164142 
-0.513821 0.216551 -0.391235 -0.072443 -0.123672 0.193797 -0.587063 -0.743189 -0.412383 -0.493810 
-0.002848 -0.133533 0.297822 -0.262863 0.179917 -0.376442 -0.144332 0.081634 0.450428 0.128933 
-0.004311 0.454620 -0.049862 -0.780659 -0.044471 0.426009 -0.026235 -0.650219 -0.228243 -0.357420 
-0.007943 0.617779 0.106089 0.308441 -0.291017 -0.118211 0.759800 0.108944 0.048500 0.249317 
0.061115 -0.042370 -0.033354 -0.697137 -0.600871 0.667191 0.225623 0.220065 0.005096 -0.135854 
-0.013686 0.420092 0.094861 -0.555772 -0.130388 0.110648 0.395401 -0.060856 -0.592328 0.051414 
0.227828 0.192803 -0.930559 -0.270777 -0.050701 -0.263963 0.418096 0.638518 0.722983 0.554515 
-0.163253 -0.470069 -0.146699 -0.498462 -0.276378 -0.988187 -0.582680 0.327516 0.658936 0.429605 
0.728539 0.576416 -0.516176 0.486123 0.329705 -0.239051 -0.071914 -0.696265 -0.181464 -0.078366 
0.449337 0.524930 0.299770 0.109526 -0.062149 -0.481750 -0.018877 -0.352535 -0.582209 -0.449598 
-0.693173 -0.056652 -0.215417 -0.256160 0.084658 0.088382 -0.141360 -0.864889 0.585016 -0.996981 
-0.052867 0.185570 0.879923 0.088824 0.021415 -0.976341 0.219095 0.256196 0.305964 -0.511161 
-0.190503 -0.156798 -0.489622 0.534588 -0.691429 -0.389625 0.372014 -0.101666 -0.304653 -0.609266 
-0.268262 -0.080265 -0.321346 -0.266189 0.264637 0.353572 0.175395 -0.506077 0.210070 0.562450 
0.637714 0.690687 -0.760886 0.057452 -0.348700 -0.364677 0.246706 0.175640 -0.269944 0.698948 
-0.819116 0.016748 -0.570754 -0.203440 -0.416065 0.174005 -0.071233 0.107400 0.449066 -0.057847 
0.660270 0.459220 0.217440 -0.368600 0.555662 -0.027847 -0.305911 -0.044881 0.503924 -0.311532 
0.197396 0.298184 -0.236810 0.136839 -0.431391 0.329343 -0.136390 0.041198 0.422819 -0.020366 
0.096368 -0.288793 -0.023823 -0.187889 0.427993 0.558779 0.469413 -0.317851 0.268210 0.399227 
-0.036421 0.090302 0.549682 0.830744 -0.165563 -0.066493 -0.146242 -0.322360 0.332475 0.251195 
0.015765 0.411841 0.704502 -0.355785 -0.063853 -0.201130 -0.148102 -0.297021 0.051031 0.331188 
-0.639471 -0.167792 -0.045480 -0.022085 0.020518 0.044683 0.108922 0.496790 -0.428998 -0.231716 
0.203051 0.429239 -0.509125 0.413386 -0.323685 -0.575329 0.065966 0.225044 -0.216123 -0.699388 
-0.547211 -0.144918 0.815674 0.351404 0.496765 -0.103311 0.717360 -0.262389 0.467463 -0.250011 
-0.087979 -0.812131 0.439033 -0.011746 0.613608 0.031315 0.646655 -0.383140 0.241023 -0.150831 
0.095378 0.441106 0.072976 0.019613 0.328485 -0.314591 -0.051412 0.213383 -0.713538 0.611553 
-0.506476 0.966997 0.529265 0.602508 -0.448086 -0.492457 0.198117 -0.540649 0.127820 -0.188259 
0.248982 0.696810 0.370429 -0.414808 0.111829 -0.443039 0.839613 -0.254467 0.107816 0.139166 
-0.200282 0.307023 -0.404641 -0.731072 -0.754661 0.179484 -0.422180 -0.308109 0.786487 0.605140 
-0.526172 0.503669 0.686060 0.682319 -0.402757 -0.546393 -0.531806 0.394796 0.527005 -0.213268 
0.744382 -0.733335 -0.157490 0.270462 0.235921 0.527244 0.037827 0.022861 0.280184 0.517538 
-0.473060 0.274388 -0.268121 0.058488 0.334880 0.030276 -0.187407 -0.601157 0.256014 0.281873 
0.547548 0.201557 -0.158791 0.307195 0.929374 -0.008160 -0.198105 0.448358 -0.059545 -0.220379 
-0.639815 -0.647394 0.115821 -0.179025 0.419787 0.850772 -0.073991 -0.454771 0.284787 -0.135236 
-0.307836 -0.323495 0.148070 0.005344 -0.367584 -0.654507 0.636138 0.148482 0.459084 -0.917502 
-0.906583 0.860335 0.029454 -0.252910 0.258756 0.518456 -0.460946 0.422220 0.332311 -0.279752 
0.242207 -0.025686 -0.175911 0.561055 0.086034 -0.836072 0.674252 -0.814159 -0.548038 -0.037205 
-0.414488 -0.320053 -0.263459 -0.293006 0.514565 0.019140 0.615139 -0.390076 0.163851 0.661757 
0.877361 -0.522612 -0.082313 0.132655 -0.398997 0.061859 -0.301303 0.231864 -0.113362 -0.563866 
-0.550448 0.220289 -0.436898 0.355178 0.028693 -0.020231 -0.016127 -0.643349 0.155394 0.182292 
-0.333984 -0.052213 -0.887369 0.650095 -0.839005 0.425243 0.716242 -0.438354 0.506370 -0.100961 
0.033163 0.418011 -0.535623 -0.228928 0.297921 0.384932 -0.598716 0.211691 0.532153 -0.611657 
0.048192 -0.718916 -0.422294 -0.102047 -0.197409 -0.380219 -0.107967 0.739619 -0.183643 -0.131601 
-0.446563 0.065058 -0.333726 0.321323 -0.811465 -0.098671 0.736631 -0.105551 0.025878 -0.681284 
0.675318 -0.355430 0.023554 -0.194527 -0.077831 -0.022679 0.085449 0.329244 0.329132 -0.093352 
-0.548275 -0.274289 0.012749 0.412741 -0.573132 -0.118093 0.779394 0.589138 -0.080341 0.609661 
0.151758 0.303113 -0.352135 -0.074581 0.306531 0.489624 -0.296685 -0.111235 -0.156529 0.728357 
0.094526 -0.622223 0.161184 0.626500 -0.596206 -0.080620 0.875131 0.748201 -0.130062 0.476487 
-0.458158 -0.057232 0.205164 -0.075163 0.165419 0.315296 -0.683486 0.107468 -0.310139 -0.467123 
-0.005747 -0.350985 -0.303126 0.371271 0.096663 -0.260138 -0.147241 -0.129289 0.535701 0.093580 
0.468068 -0.031263 0.128390 0.236523 -0.178851 -0.090573 0.253927 -0.320139 -0.029604 0.513204 
-0.089007 -0.287431 -0.050214 -0.194179 0.382504 0.190323 0.331159 0.624072 0.240949 0.277891 
-0.358218 -0.116607 0.750998 -0.159072 0.613813 0.790563 0.617746 0.280630 0.087784 0.052971 
-0.007779 0.322223 -0.597647 -0.217071 -0.193603 -0.293180 0.250993 0.341098 -0.846492 0.723330 
-0.462004 -0.707874 0.017024 -0.276727 -0.340794 0.575097 0.019538 -0.025193 -0.156386 0.065192 
-0.181444 0.098191 -0.637774 0.071541 0.621314 0.283054 -0.691237 -0.684948 0.147935 -0.569405 
-0.185431 -0.541432 -0.096988 0.255997 0.191111 -0.603362 0.093202 0.079217 -0.065883 -0.028839 
-0.054372 0.714742 0.829394 -0.419822 0.068119 -0.215530 0.016465 -0.283205 0.676413 -0.333896 
0.293982 -0.122809 -0.442430 -0.157388 0.107165 0.047119 0.067988 -0.692815 -0.208346 -0.125289 
-0.101864 -0.257539 -0.097781 -0.165921 0.432049 0.446155 0.562924 0.113215 0.279754 -0.387819 
-0.230080 0.439713 0.421161 -0.265142 -0.366640 0.072338 0.269162 0.447000 0.274304 -0.250290 
0.781841 0.432384 -0.480788 -0.535541 0.500396 0.185587 -0.263011 0.108470 -0.627523 0.370136 
0.454344 0.539158 0.257771 -0.107443 0.266551 0.237685 -0.158728 0.392061 0.216268 -0.844168 
-0.064556 -0.011140 -0.031563 -0.173168 -0.060911 0.346449 -0.355612 0.115804 -0.127127 0.427246 
-0.346189 0.188745 -0.660349 -0.152005 0.435473 0.271370 0.352791 0.042877 0.360151 -0.343975 
0.071189 -0.304413 -0.106999 -0.394709 -0.181736 -0.100671 0.712269 -0.035419 -0.323639 -0.398782 
0.825599 -0.511759 0.139464 0.482736 0.402471 -0.207686 0.159691 0.179561 -0.691442 -0.191825 
-0.165173 -0.395619 -0.187519 -0.426444 0.384613 -0.403547 0.074354 0.373131 0.623571 -0.311410 
0.017059 -0.501537 -0.002637 0.199104 -0.531273 0.431016 -0.247902 -0.170885 0.608993 0.020706 
0.601341 0.200622 0.733408 -0.149115 -0.560329 -0.617040 0.072335 -0.390398 0.560951 0.344379 
-0.160082 0.327094 -0.162993 0.114913 0.570242 -0.557607 -0.192245 -0.179383 0.218373 0.876148 
0.237613 0.107978 0.154537 0.340975 -0.464176 -0.252069 -0.487807 -0.057970 0.230664 0.776971 
0.219731 -0.033944 0.871680 -0.457890 0.463689 0.750095 -0.288712 -0.013123 0.575556 -0.429176 
0.040700 0.484790 0.398325 -0.121037 0.487517 0.432656 -0.099421 -0.285603 0.186823 -0.148643 
-0.303127 -0.649885 0.466277 0.258782 -0.327672 0.156419 -0.839879 -0.749389 0.068688 0.181829 
-0.198778 -0.736595 0.018927 -0.536559 0.247588 -0.142905 -0.069761 0.344428 -0.453740 -0.563607 
-0.560293 -0.066197 0.236530 0.152431 0.319701 -0.139729 -0.037241 -0.180128 0.109029 0.182003 
-0.394749 0.303266 0.249378 -0.069987 0.251886 0.013993 -0.032894 -0.709183 0.135108 -0.495239 
-0.214422 0.580440 0.494508 -0.274051 -0.315890 -0.039004 -0.046558 -0.175716 -0.088042 -0.001526 
0.125250 -0.141290 -0.038203 -0.707122 0.594172 -0.445985 0.168931 0.126049 -0.465076 -0.732981 
-0.236844 0.508387 -0.508443 -0.080582 0.087853 -0.431003 -0.068308 -0.696099 0.577241 -0.009578 
0.396636 0.551162 -0.321108 -0.770993 0.529209 0.432850 0.724041 0.008963 -0.726092 0.619113 
-0.153726 0.574864 -0.384184 0.671454 -0.524456 0.364470 0.206313 0.437747 -0.407156 0.099021 
-0.014359 0.005594 0.000273 -0.004890 -0.037634 0.159675 0.208102 0.032244 -0.080295 0.083356 
0.036193 -0.776998 0.371221 0.602463 -0.718859 0.063880 -0.299712 0.064196 -0.236716 -0.325838 
0.387951 -0.136637 -0.012642 0.368406 0.061828 0.682198 -0.956272 0.066964 -0.457816 0.242255 
-0.107191 0.118412 0.049142 -0.680260 -0.275971 -0.346283 0.125507 -0.462985 -0.104149 -0.298303 
0.101492 -1.088522 -0.358422 -0.170163 0.601941 0.134700 0.960363 -0.022915 0.120827 0.195377 
0.406073 -0.240553 -0.564879 -0.308007 -0.603572 0.184106 -0.121017 -0.566226 -0.450922 0.483757 
-0.281073 0.044750 0.932083 -0.194134 0.079182 -0.517082 0.188655 -0.731862 0.004157 -0.209764 
-1.915357 0.449513 -0.509208 -0.110191 0.217323 -0.407397 -1.414493 0.613594 -0.032534 0.252528 
-0.111910 -0.024171 -0.182106 -0.559154 0.272498 0.579896 0.219854 -0.398656 -0.285026 -0.317179 
0.557334 0.872905 -0.578967 -0.317460 -0.503986 -0.354523 -0.643528 -0.589557 0.211437 -0.045126 
0.604586 -0.242678 -0.464373 0.251629 -0.853016 0.527080 -0.363067 -0.960115 0.251693 -0.659236 
-0.173342 0.153665 0.041264 0.059920 -0.100996 0.023288 -0.011746 0.036374 -0.075583 0.047157 
